# Created by COMSOL Multiphysics.

# Major & minor version
0 1 
1 # number of tags
# Tags
5 mesh2 
1 # number of types
# Types
3 obj 

# --------- Object 0 ----------

0 0 1 
4 Mesh # class
4 # version
2 # sdim
627 # number of mesh points
0 # lowest mesh point index

# Mesh point coordinates
0.0043301270189221941 0.0074999999999999997 
0.0038301270189221902 0.0074999999999999997 
0.0043301270189221976 0.0071669872981077777 
0.0034531963740230655 0.007499999999999998 
0.0036561479777860225 0.007499999999999998 
0.0038301270189221976 0.0071669872981077786 
0.0043301270189221985 0.0068339745962155583 
0.0032164474346050324 0.007499999999999998 
0.0033932599049955495 0.0071798819686494488 
0.0026181073323731014 0.007499999999999998 
0.0036179811141577606 0.0071749748004785703 
0.003830127018922198 0.0068339745962155609 
0.0043301270189221985 0.0065009618943233389 
0.002940272921685051 0.007499999999999998 
0.0031470906348275494 0.0071785194616036281 
0.0033545924804760656 0.0068662150864121753 
0.0025579250677508444 0.00714715654940509 
0.0022422918168885611 0.0074999999999999997 
0.0035936834096880785 0.006852933108255777 
0.0038301270189221976 0.0065009618943233424 
0.0043301270189221985 0.0061679491924311195 
0.0028714407706027715 0.0071684256413627094 
0.0031072978473963425 0.0068660503446522948 
0.0033224169307585335 0.006567088772067067 
0.0025434455767060211 0.006809596797463644 
0.0021970194189793466 0.0071093216806470058 
0.0018038921045525754 0.0074999999999999989 
0.0035716247960205418 0.0065355620122510933 
0.0038301270189221976 0.0061679491924311238 
0.0043301270189221933 0.0058349364905389044 
0.0028399575379624174 0.0068472191495777832 
0.0030848624003621122 0.0065737761918674229 
0.0032689026105155224 0.0062849801534135283 
0.0025598495655806013 0.0064978566983227111 
0.0022101347756777398 0.0067442807148261723 
0.0017688950042484932 0.0070464485528678742 
0.0012924861091708326 0.0074999999999999989 
-0.0034531963740230629 0.0074999999999999989 
0.0035379890813380423 0.0062169844106811688 
0.0038301270189221924 0.0058349364905389044 
0.0043301270189221924 0.0053349364905389031 
0.0028348254200533558 0.0065400127260480823 
0.00308842965363468 0.0063513482112320585 
0.0031599079517730744 0.0059879691899169824 
0.0025905508509292707 0.0062619688128750751 
0.0022596965056661355 0.006416469652367484 
0.0017717271679901156 0.0066733194386165932 
0.0012490414637240834 0.0069789356573825793 
0.00069591616454470001 0.0074999999999999989 
-0.0032164474346050298 0.0074999999999999989 
-0.0026181073323730988 0.007499999999999998 
-0.0033932599049955473 0.0071798819686494497 
-0.0036561479777860199 0.0074999999999999989 
0.003484393159916496 0.0058719654044984198 
0.0038301270189221911 0.0053349364905389031 
0.0043301270189221933 0.0048349364905389035 
0.0028587240988737377 0.0061888489098473531 
0.0030174816785213574 0.0056286210055766098 
0.0023810772975399849 0.0060718487848116075 
0.0019494424879802326 0.006386553765733426 
0 0.0074999999999999997 
0.001305175463684236 0.0063706592081678413 
0.00064385399768825222 0.0069576198412675391 
-0.0029402729216850484 0.0074999999999999989 
-0.0031470906348275473 0.007178519461603629 
-0.0022422918168885585 0.0074999999999999997 
-0.0025579250677508422 0.00714715654940509 
-0.0033545924804760634 0.0068662150864121762 
-0.0036179811141577585 0.0071749748004785712 
-0.0038301270189221933 0.0074999999999999997 
0.0034048498396552899 0.0054720234652672495 
0.0038301270189221924 0.0048349364905389035 
0.0043301270189221967 0.0043544314376465342 
0.0038301270189221963 0.0037040045084510633 
0.0033274920377936775 0.0028334151834750443 
0.0026012886710757585 0.0058354168873121313 
0.002921868260912151 0.005352759721164696 
0.0017441870655678345 0.0059602533386760833 
0.0010541587815513641 0.0059316920853757192 
-0.00069591616454469784 0.0074999999999999989 
0 0.0069535978715950389 
0.0006214608462479297 0.0064145313551024746 
-0.0018038921045525733 0.0074999999999999989 
-0.0028714407706027694 0.0071684256413627094 
-0.0031072978473963403 0.0068660503446522957 
-0.0021970194189793444 0.0071093216806470058 
-0.002543445576706019 0.006809596797463644 
-0.0033224169307585314 0.0065670887720670678 
-0.0035936834096880763 0.0068529331082557779 
-0.0038301270189221928 0.0071669872981077803 
-0.0043301270189221924 0.0074999999999999997 
0.0043301270189221976 0.0038479717591869971 
0.003830127018922195 0.0031236116251337153 
0.0034528127413433487 0.0023284188562148517 
0.0032262325566027729 0.0050043164602509294 
0.0038301270189221959 0.0042844122456292873 
0.0031008586056019464 0.0035222823061893216 
0.0028248441928442895 0.0025432113148859299 
0.00059769497019131906 0.0059003526915415898 
0.0023588987225158444 0.0052484940610049557 
0.0012700352920139305 0.0055486458880855787 
-0.0012924861091708304 0.0074999999999999989 
-0.00064385399768825005 0.0069576198412675391 
0 0.0064071957431900773 
-0.001768895004248491 0.0070464485528678742 
-0.0028399575379624152 0.0068472191495777832 
-0.0030848624003621101 0.0065737761918674238 
-0.0022101347756777376 0.0067442807148261723 
-0.0025598495655805992 0.0064978566983227111 
-0.0032689026105155203 0.0062849801534135292 
-0.0035716247960205397 0.0065355620122510942 
-0.0038301270189221933 0.0068339745962155626 
-0.0043301270189221924 0.0071669872981077794 
0.0018966280255150994 0.0027782263395448093 
0.00032388394556940106 0.0014761934949521455 
0.00058449562279425907 0.0014825788973704729 
0.0043301270189221967 0.0033414541248629496 
0.0023480762113533165 0.0022679491924311231 
0.0030142057938048936 0.0020751890169850838 
0.0038914698801327729 0.0025816776733768769 
0.0035794760552780506 0.0018241976854218764 
0 0.0058607936147851173 
0.002874183855811235 0.004408478729341414 
0.0024184529713469831 0.0031985021516999093 
0.00065383758041307599 0.0053815728161419364 
0.0015394413499828 0.0049103959967342374 
-0.0012490414637240813 0.0069789356573825793 
-0.00062146084624792764 0.0064145313551024746 
-0.0017717271679901134 0.0066733194386165932 
-0.0028348254200533537 0.0065400127260480823 
-0.0030884296536346778 0.0063513482112320593 
-0.0022596965056661334 0.006416469652367484 
-0.0025905508509292685 0.0062619688128750751 
-0.0031599079517730722 0.0059879691899169833 
-0.0035379890813380401 0.0062169844106811697 
-0.0038301270189221928 0.0065009618943233441 
-0.0043301270189221933 0.00683397459621556 
0.0014959015645796346 0.0023861944414684997 
0.0013359650349119652 0.0032195653268734126 
0.00082807832337151066 0.0017455208496396563 
0.00065888821804253189 0.00013799551140200299 
0.00043064698304144883 0.0016512877814952394 
0.00018155941452734878 0.0014603186371970063 
0.00036795922787364785 0.0013400578507860247 
0.00064319933914637657 0.0012836380713272778 
0.0043301270189221915 0.0028349364905389056 
0.0019150635094610988 0.002017949192431122 
0.0025980762113533176 0.0018349364905389041 
0.0032041428474436232 0.0016074989568428649 
0.0039548015371001239 0.0020408919533855762 
0.0035829954055355689 0.0014948734888401429 
0.0010053861534412912 0.0014927467260573799 
-0.00059769497019131711 0.0059003526915415898 
0 0.0053143914863801557 
0.001780845976599177 0.0039718220377391242 
0.00074840085833108327 0.0047878006457686018 
-0.001305175463684234 0.0063706592081678413 
-0.0019494424879802307 0.006386553765733426 
-0.0028587240988737356 0.0061888489098473531 
-0.0023810772975399828 0.0060718487848116075 
-0.0030174816785213552 0.0056286210055766107 
-0.0034843931599164938 0.0058719654044984207 
-0.0038301270189221933 0.0061679491924311255 
-0.0043301270189221933 0.0065009618943233406 
0.0011460472380303149 0.0020443822519010859 
0.0010355144485864121 0.002706075253102071 
0.00067156553686251164 0.0034955415949358172 
0.00074235507972146737 -0.00011694570242857494 
0.00050000000000000066 4.6261355944092441e-05 
0.00058689491914288476 0.0019349381956003406 
0.0009183555272674048 0.00086401061370277839 
0.00086799687277263433 0.00025872444950030796 
0.00045145453101479789 0.00033363708001161091 
0.0002008897999160091 0.0017186024870037757 
0 0.0013672258283975607 
0.00017091898521364856 0.0012180343459266456 
0.00036799687277263356 0.0011247498532847484 
0.0043301270189221941 0.0022575862213492768 
0.0014820508075688774 0.0017679491924311225 
0.0021650635094611001 0.0015849364905389028 
0.0028480762113533165 0.0014019237886466836 
0.0033033630261604789 0.0013158894224477905 
0.0039597528774636221 0.001631611584560581 
0.0036614443639705011 0.001245686717442995 
0.0012958772636616949 0.0010828980736039948 
0.0011431993391463771 0.00041761266754283718 
0.0010173822143248294 -5.0001856288055637e-05 
-0.0010541587815513622 0.0059316920853757192 
-0.00065383758041307415 0.0053815728161419364 
0 0.0047679893579751957 
0.00077986521876706818 0.0041252118941743406 
-0.0017441870655678325 0.0059602533386760833 
-0.0026012886710757564 0.0058354168873121313 
-0.0029218682609121489 0.0053527597211646969 
-0.0034048498396552877 0.0054720234652672504 
-0.0038301270189221915 0.0058349364905389044 
-0.0043301270189221933 0.0061679491924311212 
0.00079191984838540227 -0.00040417134788707027 
0.00079184022604188609 0.0022866046847442065 
0.00052896790836554617 0.0029480000118101563 
0 0.0036751851011652733 
0.00050000000000000261 -0.00015001872977431219 
0.00035684417382988445 0.00013956264910099027 
0.00030485095992048485 0.0020544190277719514 
0.00056667453188869084 0.00065623390416152288 
0.00022408187561191102 0.00042970772450206233 
0 0.0016891296734755494 
-0.00018155941452734743 0.0014603186371970063 
0 0.0011139131178778405 
0.00015888821804253136 0.0010040209151864436 
0.0043301270189221941 0.0017816046358568949 
0.0017320508075688772 0.0013349364905389034 
0.0024150635094610986 0.0011519237886466829 
0.0030190431874455837 0.0012066117498637612 
0.0034308796837353769 0.0010170593343318205 
0.0039121120461596158 0.0011803618722921057 
0.0015053861534412921 0.00062672132227293903 
0.0013558767978069839 4.2729617423286662e-05 
0.0011051135605125476 -0.00038291332093159404 
0.00082074430276367024 -0.00072135927995034196 
-0.0012700352920139285 0.0055486458880855787 
-0.00074840085833108143 0.0047878006457686018 
0 0.0042215872295702341 
-0.0023588987225158422 0.0052484940610049557 
-0.0032262325566027707 0.0050043164602509302 
-0.0038301270189221933 0.005334936490538904 
-0.0043301270189221933 0.0058349364905389044 
0.0005000000000000025 -0.00039461445572769701 
0.00040600873767693475 0.0024691723541208407 
0 0.0031288525125581241 
-0.00067156553686251001 0.0034955415949358172 
0.00029323916494693327 -5.099623373126716e-05 
0.00020653515715676781 0.00023992909035274837 
0 0.0020981977923447367 
0.00022927407985243018 0.00070277907315908356 
0 0.00046379560767910682 
-0.00020653515715676545 0.00023992909035274845 
-0.00020088979991600769 0.0017186024870037757 
-0.00032388394556939971 0.0014761934949521455 
-0.00017091898521364723 0.0012180343459266456 
4.3272816864647866e-19 0.00091228675972852922 
0.0043301270189221941 0.0011884844540364918 
0.0019820508075688772 0.00090192378864668366 
0.0029439169185573599 0.00079892375820397464 
0.0037157785874739157 0.00076925565354022719 
0.0017938792379407495 0.00016491814471446395 
0.0014677058189208705 -0.00035807867871706829 
0.0011461959952594222 -0.0007197396407892197 
0.0005000000000000025 -0.00070099453776319934 
0.00084297886412559365 -0.0010585805690619282 
-0.0015394413499827983 0.0049103959967342374 
-0.00077986521876706645 0.0041252118941743406 
-0.0028741838558112329 0.004408478729341414 
-0.0038301270189221915 0.0048349364905389035 
-0.0043301270189221933 0.0053349364905389031 
0.0002566532256503494 -0.00035231416062868267 
0 0.0025915489399303154 
-0.00052896790836554465 0.0029480000118101563 
-0.0013359650349119637 0.0032195653268734126 
1.0608130004942236e-18 0.00014573506793192774 
-0.00030485095992048339 0.0020544190277719514 
0 0.00071336941723090645 
-0.00035684417382988212 0.00013956264910099041 
-0.00022408187561190858 0.00042970772450206244 
-0.00043064698304144742 0.0016512877814952394 
-0.0003679592278736465 0.0013400578507860247 
-0.00015888821804252871 0.0010040209151864436 
0.0043301270189221941 0.00044826566933508128 
0.0014825473373233618 -0.0007420585961118865 
0.0023330259465002786 0.00038088308785440555 
0.0031968675907682056 0.0003251427631609859 
0.0019410942781102718 -0.00030940762761475323 
0.0011823356198293828 -0.0010811610816344995 
0.00025129466086726434 -0.00070116051710454488 
0.00050000000000000229 -0.0010660785341701797 
0.00086416857508857833 -0.0014034585152565237 
-0.0017808459765991753 0.0039718220377391242 
-0.0031008586056019446 0.003522282306189322 
-0.0038301270189221919 0.0042844122456292891 
-0.0043301270189221933 0.0048349364905389035 
7.7986857330170166e-19 -0.00025326907371114372 
-0.00040600873767693323 0.0024691723541208407 
-0.0010355144485864106 0.002706075253102071 
-0.0018966280255150979 0.0027782263395448098 
-0.00029323916494693099 -5.0996233731267052e-05 
-0.00058689491914288335 0.0019349381956003406 
-0.00050000000000000023 4.626135594408948e-05 
-0.00022927407985242764 0.00070277907315908366 
-0.00045145453101479551 0.00033363708001161107 
-0.00058449562279425777 0.0014825788973704729 
-0.00036799687277263085 0.0011247498532847486 
0.0036601338677158795 7.2138201767632583e-05 
0.0043301270189221941 -0.00044049072442350228 
0.001874923673823235 -0.00082688771666036809 
0.0014001297764726355 -0.0010314713296542468 
0.0027085827228941722 -0.00042863154539790594 
0.0012384828685749884 -0.0013999553476126366 
0.00025025163231796107 -0.0010569323108316042 
4.6903924231116272e-19 -0.00069471648610057609 
0.00050000000000000218 -0.0014005395859054063 
0.0008782285588461781 -0.0017660656733125908 
-0.0024184529713469813 0.0031985021516999098 
-0.0033274920377936745 0.0028334151834750456 
-0.0038301270189221928 0.0037040045084510646 
-0.0043301270189221924 0.004354431437646536 
-0.00025665322565034723 -0.00035231416062868256 
-0.0023480762113533156 0.0022679491924311231 
-0.00079184022604188468 0.0022866046847442065 
-0.001495901564579633 0.0023861944414685001 
-0.00050000000000000044 -0.000150018729774312 
-0.00082807832337150936 0.0017455208496396566 
-0.00065888821804252961 0.00013799551140200323 
-0.00056667453188868834 0.00065623390416152309 
-0.00064319933914637386 0.001283638071327278 
0.0036201472235048086 -0.00054900674080597298 
0.0043301270189221941 -0.0014249079721073568 
0.0022184583156813092 -0.00091248785607191954 
0.0016781315032002217 -0.0013295026003897804 
0.0028855253020318244 -0.0014039280975643976 
0.0012584824056508851 -0.0017941545282784323 
0.0015567350352978964 -0.002176229745206289 
0.0043301270189221941 -0.0062053263181127954 
0.00025004737816185566 -0.0013793913999754484 
1.9090205014415974e-19 -0.001089733723952956 
-0.00025129466086726233 -0.00070116051710454477 
0.0004999999999999999 -0.0016650635094610966 
0.00089236882298932496 -0.0021755472071575315 
0.0002500000000000019 -0.0021650635094610971 
-0.0028248441928442865 0.0025432113148859308 
-0.0034528127413433456 0.002328418856214853 
-0.0038301270189221924 0.0031236116251337196 
-0.0043301270189221933 0.0038479717591869988 
-0.00050000000000000034 -0.00039461445572769684 
-0.0025980762113533163 0.0018349364905389037 
-0.001915063509461096 0.0020179491924311229 
-0.0011460472380303136 0.0020443822519010859 
-0.00074235507972146629 -0.00011694570242857483 
-0.0010053861534412884 0.0014927467260573803 
-0.00086799687277263195 0.00025872444950030828 
-0.0009183555272674022 0.00086401061370277872 
0.0036029614041724408 -0.0014130832231497698 
0.0043301270189221941 -0.002426888134001512 
0.002358377494507854 -0.0014191424622577696 
0.0017231610652957005 -0.0018889674711843685 
0.0029117054418195268 -0.0022306567030737669 
0.0012664287015545545 -0.00217788229811262 
0.0017732972563560539 -0.0025207392147986165 
0.0043301270189221924 -0.0074999999999999997 
0.0043301270189221933 -0.0065877132402714705 
0.0043301270189221933 -0.0057288406817329269 
0.0041076222940907943 -0.0061852210617586861 
0.00025000000000000201 -0.0016650635094610966 
-3.1485415658795159e-20 -0.0014055738379270973 
-0.00025025163231795917 -0.0010569323108316042 
-0.00050000000000000044 -0.00070099453776319913 
0.00050000000000000175 -0.0021650635094610971 
0.00091874764494552399 -0.0025966915201792581 
0.00025000000000000196 -0.0026650635094610971 
-5.6625277383481632e-19 -0.0021650635094610971 
-0.0030142057938048906 0.0020751890169850851 
-0.0035794760552780476 0.0018241976854218777 
-0.0038914698801327699 0.0025816776733768782 
-0.0043301270189221933 0.0033414541248629514 
-0.0007919198483854013 -0.00040417134788707016 
-0.0028480762113533157 0.001401923788646684 
-0.0021650635094610975 0.0015849364905389037 
-0.001482050807568877 0.0017679491924311225 
-0.0010173822143248283 -5.0001856288055481e-05 
-0.0012958772636616923 0.0010828980736039952 
-0.0011431993391463747 0.00041761266754283762 
0.003613450935797298 -0.0023148207534835919 
0.0043301270189221933 -0.0034288627313957534 
0.0022198214391173201 -0.0021193124944268904 
0.0030338866236628063 -0.0030054519283619721 
0.0013222764006936023 -0.0025670647692125266 
0.0019482361517241446 -0.0029470845901150952 
0.0038301270189221902 -0.0074999999999999997 
0.0043301270189221933 -0.0051244438698501678 
0.0043301270189221933 -0.0071650635094610941 
0.0040724628455777959 -0.0072776023087485625 
0.0040286094658480926 -0.0064136319998387425 
0.0039473436369238477 -0.0059322121849165492 
-2.7950638200046251e-19 -0.0016650635094610966 
-0.00025004737816185387 -0.0013793913999754484 
-0.00050000000000000044 -0.0010660785341701795 
-0.00082074430276366927 -0.00072135927995034186 
0.00049999999999999979 -0.0026650635094610971 
0.00095852816580854782 -0.0030089480645503672 
0.00027791899640722365 -0.002917784269787825 
-9.2238810470824015e-19 -0.0026650635094610971 
-0.00025000000000000044 -0.0021650635094610971 
-0.0032041428474436206 0.001607498956842866 
-0.0035829954055355672 0.0014948734888401434 
-0.0039548015371001204 0.0020408919533855775 
-0.0043301270189221933 0.002834936490538903 
-0.0011051135605125465 -0.00038291332093159388 
-0.0030190431874455824 0.0012066117498637616 
-0.002415063509461096 0.0011519237886466838 
-0.0017320508075688772 0.0013349364905389026 
-0.0013558767978069828 4.2729617423286865e-05 
-0.0015053861534412897 0.00062672132227293957 
0.0035879511268819757 -0.0031868271519870073 
0.0043301270189221933 -0.0043577969810344643 
0.0023315275288082744 -0.0029462584326994498 
0.0029052116938594261 -0.0035643343127436619 
0.0014034236418398369 -0.0030007016411486673 
0.0018789704464768399 -0.0033821690611760833 
0.0038301270189221915 -0.0074537386440559098 
0.0036561479777860177 -0.0074999999999999997 
0.0035755285870189284 -0.0047954514355338096 
0.0036599233462662486 -0.0055540779956921096 
0.0040557958814223059 -0.0070066783533784364 
0.0036999202241834069 -0.0062238631776839019 
0.0032164474346050294 -0.0074999999999999997 
-0.00025000000000000033 -0.0016650635094610966 
-0.00050000000000000044 -0.0014005395859054061 
-0.00084297886412559267 -0.0010585805690619279 
-0.0011461959952594211 -0.00071973964078921948 
0.00050000000000000196 -0.0029568999387576556 
0.0010145942859845238 -0.0034744080959662571 
0.00023303603779884551 -0.00309599704094247 
-1.0693969531129318e-18 -0.0028796411694692815 
-0.00025000000000000066 -0.0026650635094610971 
-0.00050000000000000023 -0.0021650635094610971 
-0.0033033630261604776 0.0013158894224477909 
-0.0036614443639704998 0.0012456867174429956 
-0.0039597528774636213 0.0016316115845605816 
-0.0043301270189221933 0.0022575862213492777 
-0.0014677058189208694 -0.00035807867871706807 
-0.0029439169185573586 0.00079892375820397508 
-0.0019820508075688772 0.00090192378864668388 
-0.0017938792379407484 0.00016491814471446422 
0.0034826293079506742 -0.0040471658504877984 
0.0023440930172704808 -0.0036934023416454885 
0.0015365858958546572 -0.0035425694572775125 
0.0037032432147577768 -0.0073804822455657768 
0.0034531963740230625 -0.0075000000000000006 
0.0032002235605291113 -0.0073732713339446712 
0.0031117869798257163 -0.0050635188025807843 
0.0032840972991128622 -0.0059837876999592051 
0.0037666622543450013 -0.0068397469759535826 
0.0029402729216850471 -0.0074999999999999997 
-0.00050000000000000012 -0.0016650635094610966 
-0.00086416857508857746 -0.0014034585152565234 
-0.0011823356198293819 -0.0010811610816344993 
-0.0014825473373233609 -0.00074205859611188628 
0.0010504077631811356 -0.0040392062533736312 
0.00050000000000000196 -0.0033339052082615732 
-1.2449298328662974e-18 -0.0031289372552326519 
-0.00027791899640722246 -0.002917784269787825 
-0.00050000000000000023 -0.0026650635094610971 
-0.0008923688229893242 -0.0021755472071575315 
-0.0034308796837353756 0.001017059334331821 
-0.0039121120461596149 0.0011803618722921064 
-0.0043301270189221933 0.0017816046358568956 
-0.0019410942781102707 -0.00030940762761475296 
-0.0031968675907682043 0.00032514276316098639 
-0.0023330259465002773 0.00038088308785440587 
0.0027814923926930612 -0.004403406096324473 
0.001740862469410529 -0.0041968786723167225 
0.0025893535604915529 -0.0051162699466267792 
0.003472090217306292 -0.0072470260002631733 
0.0029728541972558788 -0.0072466774568573878 
0.0028480762113533152 -0.005732050807568877 
0.0032939195030038588 -0.0065668088212093292 
0.0026181073323730984 -0.007499999999999998 
0.0010026349811285199 -0.0046665848165249567 
-0.00087822855884617723 -0.0017660656733125906 
-0.0012384828685749875 -0.0013999553476126364 
-0.0014001297764726346 -0.0010314713296542466 
-0.0018749236738232341 -0.00082688771666036777 
0.00050000000000000175 -0.003818985008638605 
-0.0012664287015545538 -0.00217788229811262 
-1.4565077261860663e-18 -0.0034294253501855132 
-0.00023303603779884437 -0.00309599704094247 
-0.00050000000000000077 -0.0029568999387576556 
-0.00091874764494552334 -0.0025966915201792581 
-0.0037157785874739144 0.00076925565354022773 
-0.0043301270189221933 0.0011884844540364925 
-0.0036601338677158782 7.2138201767633139e-05 
-0.0027085827228941709 -0.0004286315453979055 
0.0025909529926852067 -0.0073268327533243631 
0.0022916976950932916 -0.0047547760082563692 
0.001505282826077907 -0.0049567886851140707 
0.0024150635094610977 -0.0054820508075688777 
0.0030553874456741223 -0.0070064425428892759 
0.0025980762113533159 -0.0061650635094610958 
0.0022422918168885572 -0.0074999999999999989 
0.00087731427757884752 -0.005171581143785145 
0.00049999999999999871 -0.0043763883748662805 
-0.0012584824056508842 -0.0017941545282784321 
-0.0016781315032002209 -0.0013295026003897802 
-0.0022184583156813079 -0.00091248785607191921 
-0.0015567350352978957 -0.0021762297452062886 
-1.7115152038777682e-18 -0.0037915932022611724 
-0.0013222764006936016 -0.0025670647692125266 
-0.00050000000000000088 -0.0033339052082615732 
-0.00095852816580854717 -0.0030089480645503672 
-0.0043301270189221933 0.00044826566933508193 
-0.0036201472235048073 -0.00054900674080597244 
-0.0028855253020318231 -0.0014039280975643971 
0.0026009084467882226 -0.0071378477936384598 
0.0022310068678225549 -0.0072525634997115144 
0.0007506509636441449 -0.0056758023145781211 
0.0019820508075688767 -0.0052320508075688766 
0.001315921225117304 -0.0054248109830149138 
0.0021650635094610975 -0.0059150635094610956 
0.0023480762113533152 -0.0065980762113533164 
0.00034374468513909563 -0.005771898781115053 
0.0018038921045525726 -0.0074999999999999989 
0.00043865713878942343 -0.0049183223266231193 
-2.0091824025263067e-18 -0.0042143474326224251 
-0.0017231610652956996 -0.0018889674711843683 
-0.0023583774945078527 -0.0014191424622577691 
-0.0017732972563560532 -0.0025207392147986161 
-0.00050000000000000088 -0.003818985008638605 
-0.0014034236418398363 -0.0030007016411486673 
-0.0010145942859845231 -0.0034744080959662571 
-0.0043301270189221933 -0.00044049072442350163 
-0.0036029614041724395 -0.0014130832231497694 
-0.002911705441819526 -0.0022306567030737664 
0.00037532548182207256 -0.0054591080466144214 
0.002284391546986321 -0.0068990675588397688 
0.0019042224971655916 -0.0072594811540145736 
0.00063798879385264804 -0.0058122790474196325 
0.0011259841714785707 -0.005892501043157132 
0.0017320508075688774 -0.0056650635094610945 
0.0019150635094610971 -0.006348076211353317 
0.00035539391337631964 -0.0061259355328624737 
0 -0.0056468355367249902 
0.0012924861091708295 -0.0074999999999999989 
2.75547283549764e-19 -0.0046650635094610962 
-0.00050000000000000088 -0.004376388374866284 
-0.0022198214391173192 -0.00211931249442689 
-0.001948236151724144 -0.0029470845901150948 
-0.0010504077631811352 -0.0040392062533736312 
-0.0015365858958546566 -0.003542569457277512 
-0.0043301270189221933 -0.0014249079721073562 
-0.0036134509357972971 -0.0023148207534835915 
-0.0030338866236628054 -0.0030054519283619716 
1.6948975972532153e-19 -0.0052424137786507225 
0.0016752165069604844 -0.0069434654557122633 
0.00071260576822437642 -0.0061080816092528474 
0.0014820508075688765 -0.0060980762113533159 
0.00035187259202173793 -0.0063839191897731174 
0 -0.0061034841224406697 
-0.00034374468513909535 -0.005771898781115053 
0.00069591616454469784 -0.0074999999999999989 
-0.00043865713878942295 -0.0049183223266231193 
-0.0010026349811285194 -0.0046665848165249567 
-0.0023315275288082736 -0.0029462584326994494 
-0.0018789704464768392 -0.0033821690611760828 
-0.0017408624694105286 -0.0041968786723167225 
-0.0043301270189221933 -0.0024268881340015116 
-0.0035879511268819748 -0.0031868271519870069 
-0.0029052116938594252 -0.0035643343127436614 
-0.00037532548182207229 -0.0054591080466144214 
0.00077443232358122402 -0.0066193717840897321 
-0.00063798879385264782 -0.0058122790474196325 
0 -0.0065689915009649281 
-0.00035539391337631942 -0.0061259355328624737 
0 -0.0074999999999999997 
-0.00087731427757884719 -0.005171581143785145 
-0.0015052828260779065 -0.0049567886851140698 
-0.00234409301727048 -0.0036934023416454881 
-0.0022916976950932912 -0.0047547760082563692 
-0.0043301270189221933 -0.003428862731395753 
-0.0034826293079506733 -0.0040471658504877975 
-0.00075065096364414468 -0.0056758023145781211 
0 -0.0070344957504824661 
-0.0007126057682243762 -0.0061080816092528474 
-0.00035187259202173777 -0.0063839191897731174 
-0.00069591616454469784 -0.0074999999999999989 
-0.0013159212251173038 -0.0054248109830149129 
-0.0019820508075688776 -0.0052320508075688766 
-0.0027814923926930608 -0.004403406096324473 
-0.0025893535604915524 -0.0051162699466267792 
-0.0043301270189221933 -0.0043577969810344635 
-0.003575528587018928 -0.0047954514355338087 
-0.0018038921045525726 -0.0074999999999999989 
-0.0011259841714785707 -0.005892501043157132 
-0.00077443232358122391 -0.0066193717840897321 
-0.0012924861091708295 -0.0074999999999999989 
-0.0019042224971655916 -0.0072594811540145736 
-0.0017320508075688785 -0.0056650635094610954 
-0.0024150635094610977 -0.0054820508075688768 
-0.0031117869798257159 -0.0050635188025807834 
-0.0043301270189221933 -0.0051244438698501669 
-0.0022422918168885572 -0.0074999999999999989 
-0.0014820508075688778 -0.0060980762113533159 
-0.0016752165069604844 -0.0069434654557122633 
-0.0022310068678225549 -0.0072525634997115144 
-0.0021650635094610975 -0.0059150635094610948 
-0.002848076211353317 -0.005732050807568877 
-0.0036599233462662481 -0.0055540779956921088 
-0.0043301270189221933 -0.005728840681732926 
-0.0026181073323730984 -0.007499999999999998 
-0.0019150635094610973 -0.0063480762113533162 
-0.0022843915469863206 -0.0068990675588397688 
-0.0025909529926852067 -0.0073268327533243631 
-0.002598076211353318 -0.0061650635094610958 
-0.0032840972991128622 -0.0059837876999592043 
-0.0039473436369238477 -0.0059322121849165483 
-0.0043301270189221941 -0.0062053263181127945 
-0.0029402729216850471 -0.0074999999999999989 
-0.0023480762113533169 -0.0065980762113533164 
-0.0026009084467882222 -0.0071378477936384598 
-0.0029728541972558788 -0.007246677456857387 
-0.0032939195030038592 -0.0065668088212093283 
-0.0036999202241834069 -0.0062238631776839002 
-0.0041076222940907943 -0.0061852210617586853 
-0.0043301270189221933 -0.0065877132402714705 
-0.0032164474346050294 -0.0074999999999999989 
-0.0030553874456741227 -0.0070064425428892751 
-0.0032002235605291113 -0.0073732713339446703 
-0.0037666622543450017 -0.0068397469759535808 
-0.0040286094658480926 -0.0064136319998387408 
-0.0043301270189221941 -0.0071650635094610967 
-0.0034531963740230625 -0.0074999999999999997 
-0.0034720902173062925 -0.0072470260002631725 
-0.0040557958814223059 -0.0070066783533784347 
-0.0043301270189221941 -0.0074999999999999997 
-0.0036561479777860177 -0.0074999999999999989 
-0.0037032432147577773 -0.007380482245565775 
-0.0040724628455777959 -0.0072776023087485608 
-0.0038301270189221924 -0.0074999999999999997 
-0.003830127018922195 -0.0074537386440559072 

3 # number of element types

# Type #0

3 vtx # type name


1 # number of nodes per element
71 # number of elements
# Elements
0 
1 
29 
39 
40 
54 
55 
60 
69 
71 
90 
92 
117 
145 
147 
168 
177 
178 
180 
195 
211 
225 
226 
240 
242 
253 
254 
279 
286 
306 
325 
330 
333 
347 
348 
364 
366 
376 
378 
382 
386 
389 
394 
398 
407 
427 
430 
442 
450 
463 
486 
489 
504 
507 
526 
531 
532 
540 
543 
561 
574 
584 
589 
593 
600 
605 
611 
617 
621 
625 
626 

71 # number of geometric entity indices
# Geometric entity indices
70 
61 
69 
60 
68 
59 
67 
38 
15 
58 
8 
57 
50 
66 
52 
42 
65 
44 
54 
14 
46 
13 
7 
37 
48 
12 
6 
5 
31 
21 
41 
11 
19 
62 
64 
17 
27 
55 
63 
36 
40 
35 
4 
25 
56 
3 
23 
30 
29 
53 
51 
39 
47 
49 
45 
34 
28 
33 
43 
32 
22 
24 
26 
16 
18 
20 
2 
1 
0 
9 
10 

# Type #1

3 edg # type name


2 # number of nodes per element
320 # number of elements
# Elements
1 0 
0 2 
3 4 
4 1 
5 1 
2 6 
7 3 
11 5 
6 12 
9 13 
13 7 
17 9 
19 11 
12 20 
26 17 
28 19 
20 29 
36 26 
39 29 
39 28 
29 40 
48 36 
37 49 
52 37 
40 54 
54 39 
40 55 
60 48 
49 63 
63 50 
50 65 
69 52 
55 71 
71 54 
55 72 
79 60 
60 80 
65 82 
69 89 
90 69 
72 91 
92 73 
74 92 
95 71 
73 95 
97 74 
82 101 
101 79 
80 103 
89 111 
112 90 
91 116 
117 97 
118 93 
93 119 
103 121 
111 135 
136 112 
116 145 
119 145 
146 117 
147 118 
147 117 
120 148 
149 120 
144 151 
121 153 
135 162 
163 136 
140 168 
171 140 
176 144 
145 177 
177 149 
178 146 
151 178 
179 147 
180 147 
148 180 
185 171 
153 189 
162 195 
196 163 
168 201 
206 174 
174 208 
209 176 
177 210 
211 179 
178 211 
180 212 
216 185 
189 222 
222 200 
195 225 
226 195 
226 196 
201 227 
200 229 
233 206 
240 209 
208 240 
210 241 
211 242 
212 242 
242 216 
227 248 
225 253 
254 226 
225 254 
229 256 
256 233 
259 235 
261 240 
235 261 
266 240 
241 267 
248 274 
253 278 
253 279 
279 254 
280 259 
290 266 
267 292 
298 280 
274 299 
278 303 
304 279 
309 286 
286 311 
313 290 
292 315 
323 298 
299 325 
302 328 
328 306 
303 330 
330 302 
331 304 
332 309 
306 333 
306 334 
337 313 
311 338 
315 341 
321 348 
349 321 
325 351 
352 323 
354 332 
325 355 
329 359 
359 333 
361 329 
362 331 
333 364 
333 365 
366 337 
334 366 
338 369 
341 371 
347 376 
377 349 
348 378 
378 347 
380 348 
382 352 
358 382 
351 382 
384 354 
357 386 
355 386 
389 358 
389 357 
391 360 
364 391 
360 393 
394 362 
394 361 
397 364 
398 366 
365 398 
369 400 
371 402 
402 377 
376 407 
376 408 
378 411 
412 380 
382 414 
415 384 
386 418 
421 389 
422 389 
427 394 
393 427 
430 398 
400 430 
430 397 
407 435 
408 436 
436 413 
439 412 
411 440 
413 441 
442 415 
414 442 
423 442 
418 447 
448 421 
450 423 
450 422 
454 427 
435 461 
463 439 
440 464 
441 465 
447 471 
473 448 
475 450 
478 454 
466 483 
484 463 
461 485 
486 463 
464 486 
465 487 
471 489 
489 466 
494 473 
496 475 
498 478 
483 504 
504 484 
505 488 
486 506 
507 486 
485 507 
487 509 
488 510 
511 494 
515 496 
518 498 
503 521 
525 503 
504 526 
526 505 
506 526 
507 527 
509 530 
531 511 
510 531 
532 515 
537 518 
531 540 
521 540 
540 529 
526 543 
543 525 
527 543 
529 545 
530 547 
548 531 
549 532 
553 537 
540 556 
545 559 
547 561 
562 548 
563 549 
566 553 
556 568 
569 561 
559 569 
561 572 
573 562 
574 563 
577 566 
568 580 
582 579 
572 582 
584 574 
584 573 
585 574 
587 577 
579 588 
589 584 
580 589 
592 584 
593 585 
595 587 
588 596 
589 597 
593 600 
600 592 
601 593 
603 595 
596 604 
600 605 
597 605 
608 600 
609 601 
611 603 
604 612 
605 613 
615 608 
616 609 
611 616 
617 611 
612 618 
613 619 
620 615 
617 620 
621 617 
618 622 
619 623 
625 621 
622 625 
623 626 
626 625 

320 # number of geometric entity indices
# Geometric entity indices
97 
105 
62 
62 
95 
105 
62 
95 
105 
62 
62 
62 
95 
105 
62 
95 
105 
62 
96 
95 
104 
62 
25 
25 
94 
93 
103 
62 
25 
25 
25 
25 
92 
91 
102 
25 
60 
25 
24 
16 
102 
90 
81 
90 
90 
81 
25 
25 
60 
24 
14 
102 
81 
85 
85 
60 
24 
14 
102 
85 
71 
85 
80 
87 
87 
61 
60 
24 
14 
67 
67 
61 
101 
87 
71 
61 
75 
84 
87 
67 
60 
24 
14 
66 
60 
60 
61 
100 
75 
70 
77 
67 
60 
60 
23 
15 
14 
66 
60 
60 
61 
60 
100 
74 
77 
67 
66 
22 
12 
13 
60 
60 
58 
58 
58 
44 
100 
66 
20 
11 
10 
58 
44 
100 
58 
66 
20 
8 
48 
39 
44 
100 
58 
66 
21 
21 
20 
21 
8 
48 
32 
35 
44 
39 
100 
100 
100 
59 
58 
48 
65 
9 
9 
9 
8 
28 
33 
44 
35 
39 
100 
89 
100 
99 
98 
86 
58 
56 
59 
48 
57 
65 
56 
57 
7 
7 
7 
8 
9 
29 
42 
33 
39 
100 
100 
88 
51 
83 
86 
49 
48 
63 
54 
47 
6 
7 
38 
39 
29 
79 
51 
51 
86 
83 
51 
48 
49 
46 
63 
54 
46 
47 
4 
79 
86 
83 
51 
63 
54 
45 
4 
64 
76 
79 
82 
83 
51 
63 
64 
54 
45 
4 
64 
76 
55 
73 
78 
79 
51 
55 
54 
45 
4 
53 
53 
72 
55 
73 
69 
51 
54 
55 
45 
4 
52 
53 
50 
68 
53 
69 
50 
51 
41 
37 
4 
43 
50 
51 
41 
37 
4 
43 
50 
50 
18 
41 
37 
4 
43 
18 
18 
36 
41 
27 
4 
18 
40 
43 
31 
27 
4 
18 
34 
26 
31 
5 
4 
18 
30 
34 
3 
5 
4 
18 
19 
3 
5 
5 
2 
18 
19 
3 
3 
0 
18 
19 
1 
18 
19 
17 

# Type #2

4 quad # type name


4 # number of nodes per element
578 # number of elements
# Elements
5 2 1 0 
4 10 1 5 
3 8 4 10 
11 6 5 2 
7 14 3 8 
10 18 5 11 
8 15 10 18 
19 12 11 6 
14 7 21 13 
21 13 16 9 
14 22 8 15 
16 9 25 17 
11 18 19 27 
15 23 18 27 
28 20 19 12 
22 14 30 21 
30 21 24 16 
23 15 31 22 
24 16 34 25 
25 17 35 26 
19 27 28 38 
23 32 27 38 
39 29 28 20 
31 22 41 30 
41 30 33 24 
42 32 31 23 
33 24 45 34 
35 46 25 34 
35 26 47 36 
28 38 39 53 
32 43 38 53 
54 40 39 29 
42 56 32 43 
42 31 56 41 
44 56 33 41 
44 33 58 45 
59 45 46 34 
46 35 61 47 
47 36 62 48 
49 37 64 51 
37 52 51 68 
70 54 53 39 
53 43 70 57 
71 55 54 40 
43 56 57 75 
44 58 56 75 
59 46 77 61 
59 77 45 58 
62 48 80 60 
62 81 47 61 
64 83 49 63 
83 66 63 50 
64 51 84 67 
66 85 50 65 
51 68 67 88 
52 69 68 89 
54 70 71 94 
76 94 57 70 
72 55 95 71 
91 72 73 95 
92 73 74 96 
78 61 98 81 
76 57 99 75 
58 77 75 99 
78 100 61 77 
102 80 79 60 
81 62 103 80 
85 104 65 82 
84 105 64 83 
105 86 83 66 
87 106 67 84 
86 107 66 85 
67 88 87 110 
68 89 88 111 
112 89 90 69 
116 91 92 73 
93 74 118 97 
119 92 93 74 
98 81 121 103 
71 94 95 122 
76 99 94 122 
73 95 96 122 
74 96 97 123 
117 97 113 123 
78 98 100 124 
100 125 77 99 
104 126 82 101 
126 102 101 79 
127 103 102 80 
104 85 128 107 
106 129 84 105 
129 108 105 86 
130 106 109 87 
108 131 86 107 
87 110 109 134 
111 135 88 110 
136 111 112 89 
114 143 141 115 
145 116 119 92 
146 117 137 113 
118 97 147 117 
120 93 148 118 
149 119 120 93 
115 144 139 151 
152 121 127 103 
121 153 98 124 
99 125 122 154 
123 96 154 122 
113 123 138 154 
100 124 125 155 
128 156 104 126 
102 126 127 156 
157 128 131 107 
130 109 158 133 
130 158 106 129 
132 108 158 129 
132 159 108 131 
109 134 133 161 
135 162 110 134 
163 135 136 111 
137 113 165 138 
141 115 169 139 
114 141 142 173 
143 114 175 142 
143 176 115 144 
177 145 149 119 
178 146 164 137 
139 151 164 178 
179 147 146 117 
148 118 180 147 
150 120 181 148 
120 150 149 182 
151 144 184 170 
140 167 171 186 
187 152 156 127 
121 152 153 188 
153 189 124 155 
190 154 155 125 
166 138 190 154 
157 191 128 156 
157 131 191 159 
133 160 158 192 
132 158 159 192 
161 194 133 160 
162 195 134 161 
196 162 163 135 
164 137 198 165 
139 164 169 198 
199 165 166 138 
168 201 140 167 
168 140 202 172 
141 169 173 203 
176 204 144 170 
171 185 204 170 
172 140 204 171 
142 173 174 206 
175 142 208 174 
175 209 143 176 
149 182 177 210 
211 179 178 146 
184 211 151 178 
212 180 179 147 
213 181 180 148 
183 150 214 181 
183 215 150 182 
216 184 185 170 
186 217 171 185 
197 218 167 186 
187 156 220 191 
187 220 152 188 
153 188 189 221 
222 190 189 155 
200 166 222 190 
193 223 160 192 
159 192 191 223 
193 160 224 194 
194 161 225 195 
226 195 196 162 
201 227 167 197 
228 198 199 165 
203 169 228 198 
229 199 200 166 
168 202 201 231 
232 202 205 172 
173 203 206 233 
234 204 209 176 
205 172 234 204 
207 174 237 206 
239 208 207 174 
209 175 240 208 
182 215 210 241 
242 212 211 179 
184 216 211 242 
213 180 243 212 
213 243 181 214 
183 214 215 244 
217 245 185 216 
218 246 186 217 
219 247 197 218 
197 227 219 248 
220 191 250 223 
220 250 188 221 
222 189 251 221 
200 222 230 251 
193 224 223 252 
225 253 194 224 
254 225 226 195 
201 231 227 255 
256 228 229 199 
233 203 256 228 
229 200 257 230 
232 205 259 235 
232 259 202 231 
237 206 260 233 
240 261 209 234 
235 205 261 234 
236 259 263 235 
238 207 264 237 
265 239 238 207 
266 240 239 208 
215 244 241 267 
247 268 218 246 
245 269 216 242 
212 242 243 269 
214 243 244 270 
246 271 217 245 
249 272 219 247 
227 255 248 273 
219 248 249 274 
223 252 250 276 
251 221 276 250 
230 251 258 276 
253 278 224 252 
279 253 254 225 
231 259 255 280 
256 229 281 257 
233 256 260 281 
257 230 282 258 
236 262 259 284 
264 237 285 260 
240 266 261 287 
235 261 263 287 
236 263 262 288 
238 264 265 289 
239 265 266 290 
291 267 270 244 
268 293 246 271 
294 268 272 247 
271 295 245 269 
270 243 295 269 
272 249 296 275 
297 274 273 248 
255 280 273 298 
249 274 275 299 
301 276 277 252 
283 258 301 276 
303 277 278 252 
304 278 279 253 
284 305 259 280 
281 257 307 282 
260 281 285 307 
308 282 283 258 
286 309 262 284 
264 285 289 310 
286 262 311 288 
287 266 312 290 
263 287 288 312 
265 289 290 313 
291 270 314 295 
291 314 267 292 
316 295 293 271 
294 272 317 296 
294 317 268 293 
300 319 275 296 
322 299 297 274 
297 273 323 298 
305 324 280 298 
325 300 299 275 
302 328 277 301 
306 283 328 301 
330 302 303 277 
331 303 304 278 
309 332 284 305 
334 308 306 283 
335 307 308 282 
310 285 335 307 
286 311 309 336 
289 310 313 337 
288 312 311 338 
290 313 312 339 
318 340 295 314 
314 340 292 315 
316 342 295 318 
316 293 342 317 
319 343 296 317 
319 300 345 326 
320 343 345 319 
299 322 325 351 
323 352 297 322 
353 323 324 298 
332 354 305 324 
327 355 351 325 
300 325 326 355 
329 359 302 328 
359 333 328 306 
361 329 330 302 
362 330 331 303 
309 336 332 363 
365 334 333 306 
366 335 334 308 
310 335 337 366 
311 338 336 367 
337 368 313 339 
338 312 369 339 
344 370 318 340 
370 341 340 315 
343 372 317 342 
342 372 318 344 
320 346 343 372 
345 326 374 356 
320 345 346 374 
350 380 321 348 
350 321 381 349 
352 382 322 351 
358 327 382 351 
323 353 352 383 
353 324 384 354 
363 385 332 354 
357 386 327 355 
356 326 386 355 
389 357 358 327 
360 391 329 359 
391 364 359 333 
393 360 361 329 
394 361 362 330 
363 336 395 367 
397 365 364 333 
368 337 398 366 
398 366 365 334 
367 338 399 369 
400 369 368 339 
373 401 344 370 
401 371 370 341 
344 372 373 403 
375 403 346 372 
374 356 405 387 
346 374 375 405 
407 376 379 347 
349 377 381 410 
411 378 380 348 
379 347 411 378 
350 381 380 412 
352 383 382 414 
390 358 414 382 
383 353 415 384 
385 416 354 384 
385 363 417 395 
388 418 357 386 
386 418 356 387 
421 388 389 357 
422 389 390 358 
392 424 360 391 
396 364 424 391 
360 393 392 426 
427 393 394 361 
395 367 428 399 
396 429 364 397 
368 398 400 430 
430 398 397 365 
399 369 431 400 
404 432 373 401 
371 401 402 432 
409 377 432 402 
404 373 433 403 
406 433 375 403 
419 434 387 405 
406 375 434 405 
379 411 407 435 
407 435 376 408 
409 438 377 410 
381 410 412 439 
440 411 412 380 
415 442 383 414 
423 390 442 414 
416 443 384 415 
416 385 444 417 
417 395 445 428 
420 447 388 418 
447 419 418 387 
420 388 448 421 
421 389 449 422 
450 422 423 390 
425 452 392 424 
396 424 429 452 
425 392 453 426 
393 427 426 454 
428 399 455 431 
431 400 457 430 
397 429 430 457 
404 433 432 458 
409 432 438 458 
434 419 459 446 
406 434 433 459 
435 411 461 440 
408 435 436 461 
437 413 461 436 
437 462 413 441 
439 410 463 438 
412 439 440 464 
442 415 467 443 
467 451 442 423 
444 468 416 443 
469 444 445 417 
445 428 470 455 
471 446 447 419 
420 448 447 473 
474 448 449 421 
449 422 475 450 
476 450 451 423 
425 453 452 477 
452 477 429 456 
426 454 453 478 
455 431 480 457 
456 480 429 457 
465 441 481 462 
482 458 459 433 
460 438 482 458 
466 483 446 459 
460 484 438 463 
461 440 485 464 
437 461 462 485 
439 463 464 486 
489 466 471 446 
467 443 490 468 
490 472 467 451 
469 491 444 468 
469 445 491 470 
492 470 480 455 
473 494 447 471 
472 495 451 476 
474 496 448 473 
474 449 496 475 
450 476 475 497 
453 478 477 498 
479 456 498 477 
479 499 456 480 
462 485 481 501 
481 502 465 487 
483 504 459 482 
460 482 484 504 
488 505 466 483 
486 463 506 484 
464 486 485 507 
510 488 489 466 
511 489 494 471 
490 468 512 491 
493 472 512 490 
492 480 513 500 
492 513 470 491 
493 514 472 495 
473 496 494 515 
495 516 476 497 
496 475 517 497 
479 498 499 518 
500 480 519 499 
521 503 510 488 
501 485 522 507 
501 522 481 502 
523 509 502 487 
524 503 508 521 
503 525 488 505 
505 526 483 504 
506 484 526 504 
507 486 527 506 
531 510 511 489 
511 494 532 515 
512 491 533 513 
513 500 533 520 
493 512 514 533 
514 534 495 516 
515 496 535 517 
517 497 536 516 
499 518 519 537 
520 500 538 519 
540 521 531 510 
521 540 508 529 
507 527 522 541 
523 541 509 530 
523 502 541 522 
524 542 503 525 
524 508 542 528 
525 543 505 526 
527 506 543 526 
508 529 528 545 
531 511 548 532 
532 515 549 535 
520 539 533 550 
534 514 550 533 
551 536 534 516 
536 552 517 535 
538 519 553 537 
539 520 554 538 
540 531 556 548 
556 546 540 529 
543 557 527 541 
530 541 547 557 
525 542 543 557 
544 557 528 542 
544 528 559 545 
546 560 529 545 
548 532 562 549 
549 535 563 552 
555 564 539 550 
551 564 536 552 
551 534 564 550 
554 538 566 553 
555 539 567 554 
556 548 568 562 
558 546 568 556 
569 561 557 547 
544 559 557 569 
558 570 546 560 
571 559 560 545 
562 549 573 563 
563 552 574 565 
565 552 575 564 
555 567 564 575 
566 577 554 567 
568 562 580 573 
558 568 570 580 
569 581 561 572 
571 560 581 570 
571 581 559 569 
573 563 584 574 
576 585 565 574 
578 586 567 575 
576 565 586 575 
578 567 587 577 
580 573 589 584 
580 589 570 581 
583 579 590 582 
582 572 590 581 
583 591 579 588 
592 584 585 574 
576 586 585 593 
578 587 586 594 
597 589 592 584 
589 597 581 590 
583 590 591 598 
599 596 591 588 
600 592 593 585 
601 593 594 586 
595 602 587 594 
605 597 600 592 
605 598 597 590 
606 599 598 591 
596 599 604 607 
601 608 593 600 
602 609 594 601 
610 602 603 595 
608 613 600 605 
607 599 613 606 
606 598 613 605 
614 612 607 604 
609 615 601 608 
610 603 616 611 
610 616 602 609 
619 613 615 608 
614 619 612 618 
614 607 619 613 
615 609 620 616 
620 616 617 611 
623 619 620 615 
622 618 623 619 
624 620 621 617 
624 626 620 623 
626 624 625 621 
626 625 623 622 

578 # number of geometric entity indices
# Geometric entity indices
36 
24 
24 
36 
24 
24 
24 
36 
24 
24 
24 
24 
24 
24 
36 
24 
24 
24 
24 
24 
24 
24 
36 
24 
24 
24 
24 
24 
24 
24 
24 
35 
24 
24 
24 
24 
24 
24 
24 
10 
10 
24 
24 
34 
24 
24 
24 
24 
24 
24 
10 
10 
10 
10 
10 
10 
24 
24 
31 
31 
24 
24 
24 
24 
24 
10 
24 
10 
10 
10 
10 
10 
10 
10 
8 
31 
31 
31 
24 
24 
24 
24 
24 
24 
24 
24 
10 
10 
10 
10 
10 
10 
10 
10 
10 
10 
8 
24 
31 
24 
31 
33 
33 
24 
10 
24 
24 
24 
24 
24 
10 
10 
10 
10 
10 
10 
10 
10 
10 
8 
24 
24 
24 
24 
24 
33 
24 
24 
27 
33 
25 
25 
23 
25 
10 
10 
24 
24 
24 
10 
10 
10 
10 
10 
10 
8 
24 
24 
24 
25 
23 
24 
23 
23 
23 
24 
24 
24 
25 
27 
23 
29 
25 
25 
25 
23 
25 
25 
10 
10 
10 
24 
24 
10 
10 
10 
10 
8 
25 
24 
24 
24 
23 
23 
24 
23 
23 
10 
10 
24 
25 
29 
23 
25 
25 
25 
25 
25 
25 
25 
10 
10 
10 
10 
10 
10 
7 
23 
24 
24 
10 
23 
23 
10 
23 
23 
16 
10 
10 
10 
25 
25 
25 
25 
25 
25 
25 
23 
25 
10 
10 
10 
10 
6 
23 
10 
10 
10 
16 
10 
16 
16 
16 
10 
10 
25 
25 
25 
25 
25 
25 
23 
23 
25 
10 
10 
10 
5 
16 
10 
10 
10 
16 
10 
16 
16 
16 
10 
25 
25 
25 
25 
25 
25 
23 
23 
16 
25 
10 
10 
10 
5 
16 
10 
10 
10 
3 
10 
16 
16 
25 
25 
25 
25 
25 
25 
25 
23 
23 
16 
16 
22 
25 
5 
5 
5 
5 
3 
14 
10 
10 
3 
16 
16 
25 
25 
25 
25 
25 
25 
25 
25 
25 
23 
22 
16 
16 
3 
22 
25 
22 
4 
4 
4 
5 
3 
12 
16 
14 
3 
16 
25 
25 
25 
25 
25 
25 
30 
25 
32 
30 
25 
16 
18 
16 
3 
3 
21 
25 
21 
18 
3 
3 
3 
4 
3 
3 
16 
12 
3 
25 
25 
25 
25 
25 
25 
25 
30 
19 
25 
25 
32 
16 
18 
3 
3 
3 
21 
25 
21 
15 
18 
3 
3 
3 
3 
3 
3 
3 
25 
25 
25 
25 
30 
19 
19 
19 
25 
32 
3 
3 
3 
3 
3 
25 
21 
15 
15 
3 
3 
3 
3 
3 
3 
19 
25 
25 
25 
25 
30 
19 
32 
25 
3 
3 
3 
3 
3 
21 
3 
15 
15 
3 
3 
3 
3 
19 
19 
25 
25 
21 
28 
30 
21 
21 
3 
3 
3 
3 
3 
15 
3 
3 
3 
3 
20 
19 
19 
19 
19 
20 
21 
28 
26 
21 
15 
3 
3 
3 
3 
3 
3 
3 
3 
20 
19 
19 
19 
19 
19 
19 
20 
26 
19 
15 
3 
3 
3 
3 
3 
3 
3 
17 
9 
19 
19 
19 
19 
19 
9 
15 
3 
3 
3 
3 
3 
3 
17 
9 
19 
19 
9 
9 
15 
3 
3 
3 
3 
17 
9 
9 
9 
9 
15 
3 
3 
3 
3 
17 
9 
9 
9 
9 
11 
3 
3 
13 
9 
9 
9 
11 
3 
3 
13 
9 
9 
9 
2 
3 
3 
1 
9 
9 
9 
2 
3 
3 
1 
9 
9 
2 
2 
1 
9 
1 
1 
1 
9 
