# Created by COMSOL Multiphysics.

# Major & minor version
0 1 
1 # number of tags
# Tags
5 mesh2 
1 # number of types
# Types
3 obj 

# --------- Object 0 ----------

0 0 1 
4 Mesh # class
4 # version
2 # sdim
825 # number of mesh points
0 # lowest mesh point index

# Mesh point coordinates
-0.0043301270189221941 -0.0074999999999999997 
-0.0038301270189221924 -0.0074999999999999997 
-0.0040724628455777959 -0.0072776023087485608 
-0.0043301270189221941 -0.0071650635094610967 
-0.0040286094658480926 -0.0064136319998387408 
-0.0043301270189221933 -0.0065877132402714705 
-0.003830127018922195 -0.0074537386440559072 
-0.0036561479777860177 -0.0074999999999999989 
-0.0040557958814223059 -0.0070066783533784347 
-0.0032164474346050294 -0.0074999999999999989 
-0.0041076222940907943 -0.0061852210617586853 
-0.0036999202241834069 -0.0062238631776839002 
-0.0043301270189221941 -0.0062053263181127945 
-0.0037032432147577773 -0.007380482245565775 
-0.0034531963740230625 -0.0074999999999999997 
-0.0032002235605291113 -0.0073732713339446703 
-0.0037666622543450017 -0.0068397469759535808 
-0.0029402729216850471 -0.0074999999999999989 
-0.0039473436369238477 -0.0059322121849165483 
-0.0032840972991128622 -0.0059837876999592043 
-0.0043301270189221933 -0.005728840681732926 
-0.0034720902173062925 -0.0072470260002631725 
-0.0029728541972558788 -0.007246677456857387 
-0.0032939195030038592 -0.0065668088212093283 
-0.0026181073323730984 -0.007499999999999998 
-0.0036599233462662481 -0.0055540779956921088 
-0.002848076211353317 -0.005732050807568877 
-0.0043301270189221933 -0.0051244438698501669 
-0.0025909529926852067 -0.0073268327533243631 
-0.0030553874456741227 -0.0070064425428892751 
-0.002598076211353318 -0.0061650635094610958 
-0.0022422918168885572 -0.0074999999999999989 
-0.0031117869798257159 -0.0050635188025807834 
-0.0024150635094610977 -0.0054820508075688768 
-0.003575528587018928 -0.0047954514355338087 
-0.0043301270189221933 -0.0043577969810344635 
-0.0012664287015545538 -0.00217788229811262 
-0.0026009084467882222 -0.0071378477936384598 
-0.0022310068678225549 -0.0072525634997115144 
-0.0023480762113533169 -0.0065980762113533164 
-0.0021650635094610975 -0.0059150635094610948 
-0.0018038921045525726 -0.0074999999999999989 
-0.0027814923926930608 -0.004403406096324473 
-0.0025893535604915524 -0.0051162699466267792 
-0.0019820508075688776 -0.0052320508075688766 
-0.0013159212251173038 -0.0054248109830149129 
-0.00075065096364414468 -0.0056758023145781211 
-0.00034374468513909535 -0.005771898781115053 
-0.0018789704464768392 -0.0033821690611760828 
-0.0014034236418398363 -0.0030007016411486673 
-0.0034826293079506733 -0.0040471658504877975 
-0.001948236151724144 -0.0029470845901150948 
-0.0015567350352978957 -0.0021762297452062886 
-0.0043301270189221933 -0.003428862731395753 
-0.0013222764006936016 -0.0025670647692125266 
-0.0012584824056508842 -0.0017941545282784321 
-0.0008923688229893242 -0.0021755472071575315 
-0.0022843915469863206 -0.0068990675588397688 
-0.0019042224971655916 -0.0072594811540145736 
-0.0019150635094610973 -0.0063480762113533162 
-0.0017320508075688785 -0.0056650635094610954 
-0.0011259841714785707 -0.005892501043157132 
-0.00063798879385264782 -0.0058122790474196325 
-0.0012924861091708295 -0.0074999999999999989 
-0.00035539391337631942 -0.0061259355328624737 
-0.00234409301727048 -0.0036934023416454881 
-0.0022916976950932912 -0.0047547760082563692 
-0.0015052828260779065 -0.0049567886851140698 
-0.00087731427757884719 -0.005171581143785145 
-0.00037532548182207229 -0.0054591080466144214 
0 -0.0056468355367249902 
-0.0015365858958546566 -0.003542569457277512 
-0.00095852816580854717 -0.0030089480645503672 
-0.0029052116938594252 -0.0035643343127436614 
-0.0035879511268819748 -0.0031868271519870069 
-0.0017732972563560532 -0.0025207392147986161 
-0.0023315275288082736 -0.0029462584326994494 
-0.0017231610652956996 -0.0018889674711843683 
-0.0043301270189221933 -0.0024268881340015116 
-0.0014001297764726346 -0.0010314713296542466 
-0.0012384828685749875 -0.0013999553476126364 
-0.00091874764494552334 -0.0025966915201792581 
-0.00087822855884617723 -0.0017660656733125906 
-0.00050000000000000023 -0.0021650635094610971 
-0.0016752165069604844 -0.0069434654557122633 
-0.0014820508075688778 -0.0060980762113533159 
-0.0007126057682243762 -0.0061080816092528474 
-0.00035187259202173777 -0.0063839191897731174 
-0.00069591616454469784 -0.0074999999999999989 
0 -0.0061034841224406697 
-0.0017408624694105286 -0.0041968786723167225 
-0.0010026349811285194 -0.0046665848165249567 
-0.00043865713878942295 -0.0049183223266231193 
1.6948975972532153e-19 -0.0052424137786507225 
0.00034374468513909563 -0.005771898781115053 
-0.0010145942859845231 -0.0034744080959662571 
-0.00050000000000000077 -0.0029568999387576556 
-0.00023303603779884437 -0.00309599704094247 
0.0018038921045525726 -0.0074999999999999989 
-0.0030338866236628054 -0.0030054519283619716 
-0.0036134509357972971 -0.0023148207534835915 
-0.0022198214391173192 -0.00211931249442689 
-0.0016781315032002209 -0.0013295026003897802 
-0.0043301270189221933 -0.0014249079721073562 
-0.0011823356198293819 -0.0010811610816344993 
-0.0014825473373233609 -0.00074205859611188628 
-0.00086416857508857746 -0.0014034585152565234 
-0.00050000000000000044 -0.0010660785341701795 
-0.00050000000000000023 -0.0026650635094610971 
-0.00050000000000000012 -0.0016650635094610966 
-0.00025000000000000044 -0.0021650635094610971 
-0.00027791899640722246 -0.002917784269787825 
-0.00077443232358122391 -0.0066193717840897321 
0 -0.0065689915009649281 
0 -0.0074999999999999997 
0.00035539391337631964 -0.0061259355328624737 
0.00063798879385264804 -0.0058122790474196325 
-0.0010504077631811352 -0.0040392062533736312 
-0.00050000000000000088 -0.004376388374866284 
2.75547283549764e-19 -0.0046650635094610962 
0.00037532548182207256 -0.0054591080466144214 
-0.00050000000000000088 -0.0033339052082615732 
-1.2449298328662974e-18 -0.0031289372552326519 
0.0022422918168885572 -0.0074999999999999989 
0.0012924861091708295 -0.0074999999999999989 
0.0019042224971655916 -0.0072594811540145736 
-0.002911705441819526 -0.0022306567030737664 
-0.0036029614041724395 -0.0014130832231497694 
-0.0023583774945078527 -0.0014191424622577691 
-0.0018749236738232341 -0.00082688771666036777 
-0.0043301270189221933 -0.00044049072442350163 
-0.0002499999999999999 0.0014826955734071599 
-0.00084297886412559267 -0.0010585805690619279 
-0.0011461959952594211 -0.00071973964078921948 
-0.0014677058189208694 -0.00035807867871706807 
-0.0002499999999999999 0.001175359105491822 
-0.00050000000000000044 -0.00070099453776319913 
-0.00050000000000000044 -0.0014005395859054061 
-0.00025003982678592257 -0.001088337128864276 
-0.00025000000000000066 -0.0026650635094610971 
-0.00025000000000000033 -0.0016650635094610966 
-5.6625277383481632e-19 -0.0021650635094610971 
-1.0693969531129318e-18 -0.0028796411694692815 
0 -0.0070344957504824661 
0.00035187259202173793 -0.0063839191897731174 
0.00069591616454469784 -0.0074999999999999989 
0.00071260576822437642 -0.0061080816092528474 
0.0007506509636441449 -0.0056758023145781211 
-0.00050000000000000088 -0.003818985008638605 
-2.0091824025263067e-18 -0.0042143474326224251 
0.00043865713878942343 -0.0049183223266231193 
-1.4565077261860663e-18 -0.0034294253501855132 
0.00023303603779884551 -0.00309599704094247 
0.0026181073323730984 -0.007499999999999998 
0.0022310068678225549 -0.0072525634997115144 
0.0016752165069604844 -0.0069434654557122633 
0.0032164474346050294 -0.0074999999999999997 
0.0036561479777860177 -0.0074999999999999997 
0.0038301270189221915 -0.0074537386440559098 
-0.00030440068127499852 0.0014923563896160059 
-0.0028855253020318231 -0.0014039280975643971 
-0.0036201472235048073 -0.00054900674080597244 
-0.0022184583156813079 -0.00091248785607191921 
-0.0019410942781102707 -0.00030940762761475296 
-0.0043301270189221933 0.00044826566933508193 
-0.00024999999999999979 0.002280539549447869 
-0.00016814393533554073 0.0024239378427274591 
-0.0002499999999999999 0.0016422643686153015 
-0.00024999999999999984 0.0013233258592395892 
-0.00016666475489200417 0.0014458397940199995 
-0.00024999999999999984 0.0019614019590315853 
-0.00016954967595176766 0.0011387422133490614 
-0.00082074430276366927 -0.00072135927995034186 
-0.0011051135605125465 -0.00038291332093159388 
-0.0013558767978069828 4.2729617423286865e-05 
-0.00037573846255088982 0.0012748930721276221 
-0.0002499999999999999 0.0010566243270259362 
-0.00017143034352305812 0.00088788944292593844 
-0.00050000000000000034 -0.00039461445572769684 
-0.00025020490202586965 -0.000754737532414839 
-0.00025000750749735139 -0.0013935947368436555 
1.5071986240481295e-19 -0.0011468014490133714 
-9.2238810470824015e-19 -0.0026650635094610971 
-2.7950638200046251e-19 -0.0016650635094610966 
0.0002500000000000019 -0.0021650635094610971 
0.00027791899640722365 -0.002917784269787825 
0.00077443232358122402 -0.0066193717840897321 
0.0011259841714785707 -0.005892501043157132 
0.00087731427757884752 -0.005171581143785145 
-1.7115152038777682e-18 -0.0037915932022611724 
0.00049999999999999871 -0.0043763883748662805 
0.00050000000000000196 -0.0033339052082615732 
0.0029402729216850471 -0.0074999999999999997 
0.0025909529926852067 -0.0073268327533243631 
0.002284391546986321 -0.0068990675588397688 
0.0019150635094610971 -0.006348076211353317 
0.0032002235605291113 -0.0073732713339446712 
0.0034531963740230625 -0.0075000000000000006 
0.0037032432147577768 -0.0073804822455657768 
0.0038301270189221902 -0.0074999999999999997 
0.0040724628455777959 -0.0072776023087485625 
-0.0043301270189221933 0.0011884844540364925 
-0.0036601338677158782 7.2138201767633139e-05 
-0.00035160910742125566 0.0014057377152894995 
-0.00035049654065097343 0.0015934006371664299 
-0.00039440663396113503 0.0019327580703798789 
-0.0027085827228941709 -0.0004286315453979055 
-0.0017938792379407484 0.00016491814471446422 
-0.0037157785874739144 0.00076925565354022773 
-0.00038399095736782262 0.0022694828577311706 
-0.00024999999999999979 0.0024401083446560106 
-0.00024999999999999984 0.0021209707542397269 
-0.00016738439108043225 0.0022641888602243803 
-0.00016666799017913637 0.0025760624577971093 
-8.3691813718509927e-05 0.0024163525805297051 
-0.00024999999999999984 0.0018018331638234436 
-0.00016666491870359618 0.001607939758493018 
-0.00016666515329630287 0.0012890466469018026 
-7.2133222695049842e-05 0.001404586163982824 
-0.00016666685384216325 0.0019366030255368412 
-0.0001666666666666665 0.0010085118045934671 
-8.7435452728857826e-05 0.0010901416283140915 
-0.00050165603507689046 0.0013691780770301819 
-0.0007919198483854013 -0.00040417134788707016 
-0.0010173822143248283 -5.0001856288055481e-05 
-0.0011431993391463747 0.00041761266754283762 
-0.00038208613115875249 0.0011328842904066582 
-0.00050000000000000044 -0.000150018729774312 
-0.00026190641419835049 0.00089835468042408966 
-0.00017107610269108468 0.00079819419485972808 
-8.8413146969344256e-05 0.00085533699920799081 
-0.0002510529840187161 -0.00042935799692684072 
3.9679152720036321e-19 -0.00079732445679971879 
-4.9317024138284272e-20 -0.0014308987240854482 
0.00025003982678592447 -0.001088337128864276 
0.00025000000000000196 -0.0026650635094610971 
0.00025000000000000201 -0.0016650635094610966 
0.00050000000000000175 -0.0021650635094610971 
0.00050000000000000196 -0.0029568999387576556 
0.0014820508075688765 -0.0060980762113533159 
0.001315921225117304 -0.0054248109830149138 
0.0010026349811285199 -0.0046665848165249567 
0.00050000000000000175 -0.003818985008638605 
0.0010145942859845238 -0.0034744080959662571 
0.0029728541972558788 -0.0072466774568573878 
0.0026009084467882226 -0.0071378477936384598 
0.0023480762113533152 -0.0065980762113533164 
0.0021650635094610975 -0.0059150635094610956 
0.003472090217306292 -0.0072470260002631733 
0.0040557958814223059 -0.0070066783533784364 
0.0043301270189221924 -0.0074999999999999997 
-0.0039121120461596149 0.0011803618722921064 
-0.0043301270189221933 0.0017816046358568956 
-0.0031968675907682043 0.00032514276316098639 
-0.00039197304776710125 0.0021073291780543892 
-0.0004310070896063194 0.0015048160372924579 
-0.0003937174558988436 0.0017493553934587438 
-0.0005527496633291922 0.0019202241753144525 
-0.00059275883573167807 0.0014672870530529427 
-0.0023330259465002773 0.00038088308785440587 
-0.0015053861534412897 0.00062672132227293957 
-0.0034308796837353756 0.001017059334331821 
-0.0030190431874455824 0.0012066117498637616 
-0.00051589866825995853 0.002269589356769245 
-0.00037722846773333087 0.0024209889875417929 
-0.00024999999999999979 0.0025975601148743844 
-0.00016666853870523406 0.0021010617177581558 
-0.00016666713959988605 0.002711796022123849 
-8.3682162250403789e-05 0.0022508803901952934 
-8.039969903193386e-05 0.0025707396081839956 
0 0.0024167828874155231 
-0.00016666558402236544 0.0017719873962864757 
-8.0661073499875815e-05 0.001572207369574834 
-8.1817164332908724e-05 0.0012433467131477772 
0 0.0013580050457614123 
-8.3333947549187452e-05 0.0019119325066132579 
-8.3333333333333005e-05 0.00096039928216099825 
0 0.0010317186806656489 
-0.00098124057512728648 0.0009103976886246436 
-0.00055592125584822153 0.0012332480464407353 
-0.00074235507972146629 -0.00011694570242857483 
-0.00086799687277263195 0.00025872444950030828 
-0.00043165175010444337 0.00085050736975739475 
-0.00050000000000000023 4.626135594408948e-05 
-0.00025542547009102745 -0.00014054283091055096 
-0.00024290640960714609 0.00075204311310165769 
-8.2109527493665307e-05 0.0007469032036867382 
0 0.00082019911972401626 
6.6228529540056982e-19 -0.00042026371866407469 
0.00025020490202587166 -0.00075473753241483911 
0.00025000750749735318 -0.0013935947368436555 
0.00050000000000000229 -0.0010660785341701797 
0.00049999999999999979 -0.0026650635094610971 
0.0004999999999999999 -0.0016650635094610966 
0.00089236882298932496 -0.0021755472071575315 
0.00095852816580854782 -0.0030089480645503672 
0.0017320508075688774 -0.0056650635094610945 
0.001505282826077907 -0.0049567886851140707 
0.0010504077631811356 -0.0040392062533736312 
0.0015365858958546572 -0.0035425694572775125 
0.0030553874456741223 -0.0070064425428892759 
0.0025980762113533159 -0.0061650635094610958 
0.0024150635094610977 -0.0054820508075688777 
0.0037666622543450013 -0.0068397469759535826 
0.0040286094658480926 -0.0064136319998387425 
0.0043301270189221933 -0.0071650635094610941 
-0.0043301270189221933 0.00683397459621556 
-0.0036614443639704998 0.0012456867174429956 
-0.0039597528774636213 0.0016316115845605816 
-0.0043301270189221933 0.0022575862213492777 
-0.0029439169185573586 0.00079892375820397508 
-0.0005370816931338921 0.002110109803516857 
-0.00054772133127229739 0.0016686391525752504 
-0.00073855470807387784 0.0019235242096539375 
-0.00078470114599038738 0.001365334177599488 
-0.0013315882469352956 0.0011054058898372788 
-0.0019820508075688772 0.00090192378864668388 
-0.0033033630261604776 0.0013158894224477909 
-0.0028480762113533157 0.001401923788646684 
-0.0004988464600167692 0.0024086594122469866 
-0.0006500977267123436 0.0023051792990224688 
-0.00037330084140939108 0.0025653326808084517 
-0.00024999999999999979 0.0027306940980058713 
-0.0001666666666666665 0.0028333333333333331 
-8.3336441090664851e-05 0.0020820193259291149 
-8.3333948232054085e-05 0.0027106001588988338 
0 0.0022403199138065046 
0 0.0025893495523292903 
8.3691813718513085e-05 0.0024163525805297051 
-8.3332033511793026e-05 0.0017416876002489977 
0 0.0015344680193704306 
0 0.0011826351326878475 
7.213322269505262e-05 0.001404586163982824 
0 0.0018873939665884673 
4.3272816864647866e-19 0.00091228675972852922 
8.7435452728860496e-05 0.0010901416283140915 
-0.00063465307320430622 0.00075369798727980707 
-0.00065888821804252961 0.00013799551140200323 
-0.00030557676148341393 0.00071625374838655566 
-0.00028755056767424851 0.00014770137934544519 
8.9399269247133366e-19 -9.118721052883424e-05 
-0.0001335068017589972 0.00060851780524051331 
0 0.00070663734660335981 
8.8413146969346831e-05 0.00085533699920799081 
0.00017107610269108726 0.00079819419485972797 
0.00050000000000000261 -0.00015001872977431219 
0.00025105298401871821 -0.00042935799692684083 
0.0005000000000000025 -0.00070099453776319934 
0.00050000000000000218 -0.0014005395859054063 
0.00084297886412559365 -0.0010585805690619282 
0.00091874764494552399 -0.0025966915201792581 
0.0008782285588461781 -0.0017660656733125908 
0.0012664287015545545 -0.00217788229811262 
0.0014034236418398369 -0.0030007016411486673 
0.0019820508075688767 -0.0052320508075688766 
0.001740862469410529 -0.0041968786723167225 
0.0018789704464768399 -0.0033821690611760833 
0.0032939195030038588 -0.0065668088212093292 
0.0028480762113533152 -0.005732050807568877 
0.0025893535604915529 -0.0051162699466267792 
0.0036999202241834069 -0.0062238631776839019 
0.0041076222940907943 -0.0061852210617586861 
0.0043301270189221933 -0.0065877132402714705 
-0.0043301270189221924 0.0071669872981077794 
-0.0043301270189221933 0.0065009618943233406 
-0.0038301270189221933 0.0068339745962155626 
-0.0035829954055355672 0.0014948734888401434 
-0.0039548015371001204 0.0020408919533855775 
-0.0043301270189221933 0.002834936490538903 
-0.002415063509461096 0.0011519237886466838 
-0.00068731720408236169 0.0021391131137613317 
-0.00077311390516207439 0.0017270888166687941 
-0.00085881864622232144 0.002015215522170319 
-0.0010857924140926184 0.0015391693022889568 
-0.0017320508075688772 0.0013349364905389026 
-0.0032041428474436206 0.001607498956842866 
-0.0025980762113533163 0.0018349364905389037 
-0.00049840315332008755 0.0025402312924264316 
-0.00059300333093835434 0.0024031794650629891 
-0.00079239247592456132 0.0023766874294093572 
-0.00036697779766328676 0.002702614143558994 
-0.00024999999999999984 0.0028333333333333331 
-8.3333333333333209e-05 0.0028333333333333327 
-0.00017013429843039211 0.0029093634406574314 
0 0.002063856940197486 
0 0.0027282736394269301 
8.3682162250406879e-05 0.0022508803901952934 
8.0399699031937072e-05 0.0025707396081839956 
0.0001681439353355439 0.0024239378427274591 
0 0.0017109309929794489 
8.0661073499878661e-05 0.001572207369574834 
8.1817164332911448e-05 0.0012433467131477772 
0.00016666475489200699 0.0014458397940199995 
8.333394754919042e-05 0.0019119325066132579 
8.3333333333335621e-05 0.00096039928216099825 
0.00016954967595177035 0.0011387422133490614 
-0.00035647674708709964 0.0004567250705752787 
1.0820752589903929e-18 0.00017593224708737534 
0.00025542547009102968 -0.00014054283091055104 
0 0.00056632617836974044 
8.2109527493667842e-05 0.0007469032036867382 
0.00017143034352306072 0.00088788944292593833 
0.00024290640960714864 0.00075204311310165758 
0.00050000000000000066 4.6261355944092441e-05 
0.00074235507972146737 -0.00011694570242857494 
0.0005000000000000025 -0.00039461445572769701 
0.00082074430276367024 -0.00072135927995034196 
0.00086416857508857833 -0.0014034585152565237 
0.0011823356198293828 -0.0010811610816344995 
0.0013222764006936023 -0.0025670647692125266 
0.0012584824056508851 -0.0017941545282784323 
0.0015567350352978964 -0.002176229745206289 
0.0019482361517241446 -0.0029470845901150952 
0.0022916976950932916 -0.0047547760082563692 
0.0023440930172704808 -0.0036934023416454885 
0.0032840972991128622 -0.0059837876999592051 
0.0031117869798257163 -0.0050635188025807843 
0.0039473436369238477 -0.0059322121849165492 
0.0043301270189221941 -0.0062053263181127954 
-0.0043301270189221924 0.0074999999999999997 
-0.0038301270189221928 0.0071669872981077803 
-0.0043301270189221933 0.0061679491924311212 
-0.0038301270189221928 0.0065009618943233441 
-0.0035747310957688445 0.0068489546324642667 
-0.0043301270189221933 0.0053349364905389031 
-0.0035794760552780476 0.0018241976854218777 
-0.0038914698801327699 0.0025816776733768782 
-0.0043301270189221933 0.0033414541248629514 
-0.0021650635094610975 0.0015849364905389037 
-0.00085034710273748182 0.0021789605730697464 
-0.0010537113233632645 0.0019008144324560699 
-0.001482050807568877 0.0017679491924311225 
-0.0030142057938048906 0.0020751890169850851 
-0.0023480762113533156 0.0022679491924311231 
-0.00049456946080080044 0.0026832128798600177 
-0.00064019498090211655 0.0024958176627122653 
-0.00098979347748864009 0.0023894156835923734 
-0.00082705004120921764 0.0026178687366150383 
0 0.0028333333333333335 
-0.00034963357791006346 0.0028333333333333331 
-0.00023772664260186946 0.0028845432659516685 
-8.6954628918359334e-05 0.0029170149181429249 
-0.00018086077567307454 0.0029906748308554335 
8.3336441090667873e-05 0.0020820193259291149 
8.3333948232057337e-05 0.0027106001588988338 
0.00016738439108043536 0.0022641888602243803 
0.00016666799017913959 0.0025760624577971093 
0.00025000000000000299 0.0024401083446560106 
8.3332033511795926e-05 0.0017416876002489977 
0.00016666491870359905 0.001607939758493018 
0.00016666515329630561 0.0012890466469018026 
0.00025000000000000272 0.0014826955734071599 
0.00016666685384216623 0.0019366030255368412 
0.00016666666666666915 0.0010085118045934671 
0.00025000000000000261 0.001175359105491822 
0 0.0003918040302271656 
0.00028755056767425084 0.00014770137934544509 
0.00013350680175899969 0.00060851780524051331 
0.00026190641419835309 0.00089835468042408955 
0.00030557676148341647 0.00071625374838655555 
0.00065888821804253189 0.00013799551140200299 
0.0010173822143248294 -5.0001856288055637e-05 
0.00079191984838540227 -0.00040417134788707027 
0.0011461959952594222 -0.0007197396407892197 
0.0012384828685749884 -0.0013999553476126366 
0.0014001297764726355 -0.0010314713296542468 
0.0017732972563560539 -0.0025207392147986165 
0.0017231610652957005 -0.0018889674711843685 
0.0023315275288082744 -0.0029462584326994498 
0.0027814923926930612 -0.004403406096324473 
0.0029052116938594261 -0.0035643343127436619 
0.0036599233462662486 -0.0055540779956921096 
0.0035755285870189284 -0.0047954514355338096 
0.0043301270189221933 -0.0057288406817329269 
-0.0038301270189221933 0.0074999999999999997 
-0.0036099085580275198 0.007173689409239725 
-0.0043301270189221933 0.0058349364905389044 
-0.003323895842894518 0.0068638856737760334 
-0.0038301270189221933 0.0061679491924311255 
-0.0035368842451162681 0.0065200529216758226 
-0.0043301270189221933 0.0048349364905389035 
-0.0038301270189221933 0.005334936490538904 
8.3333333333336515e-05 0.0028333333333333327 
-0.0034528127413433456 0.002328418856214853 
-0.0038301270189221924 0.0031236116251337196 
-0.0043301270189221933 0.0038479717591869988 
-0.001915063509461096 0.0020179491924311229 
-0.0010978445745370149 0.0022323424155893186 
-0.0013214738079902776 0.0019885464183064514 
-0.0028248441928442865 0.0025432113148859308 
-0.0019560223101468565 0.002620672676905625 
-0.00047074716430584615 0.0028333333333333331 
-0.00066959919278571198 0.0026562403909133662 
-0.0010783659642797322 0.002589886021800469 
-0.00081427877473568087 0.0028333333333333331 
0 0.0029156054484492269 
-0.00029543523926694266 0.0029530373728688742 
-9.3735564248108235e-05 0.0030084334323329429 
-0.00018389457080914934 0.0030663461184177918 
0.0001666685387052371 0.0021010617177581558 
0.00016666713959988933 0.002711796022123849 
0.00025000000000000288 0.002280539549447869 
0.00025000000000000304 0.0025975601148743844 
0.00037722846773333239 0.0024209889875417929 
0.00016666558402236837 0.0017719873962864757 
0.00025000000000000277 0.0016422643686153015 
0.00025000000000000261 0.0013233258592395892 
0.00030440068127499987 0.0014923563896160059 
0.00025000000000000282 0.0019614019590315853 
0.00025000000000000006 0.0010566243270259356 
0.00037573846255089117 0.0012748930721276221 
0.00035647674708710208 0.00045672507057527859 
0.00043165175010444597 0.00085050736975739465 
0.00086799687277263433 0.00025872444950030796 
0.0013558767978069839 4.2729617423286662e-05 
0.0011051135605125476 -0.00038291332093159404 
0.0014825473373233618 -0.0007420585961118865 
0.0016781315032002217 -0.0013295026003897804 
0.0022198214391173201 -0.0021193124944268904 
0.0030338866236628063 -0.0030054519283619721 
0.0034826293079506742 -0.0040471658504877984 
0.0043301270189221933 -0.0051244438698501678 
-0.0036561479777860199 0.0074999999999999989 
-0.0033794042537958909 0.0071777822803608974 
-0.0030744874829047048 0.0068601345670338447 
-0.0038301270189221915 0.0058349364905389044 
-0.0032503296509740257 0.0065356387936092311 
-0.0034935611197821348 0.0061704765702951751 
-0.0043301270189221924 0.004354431437646536 
-0.0038301270189221915 0.0048349364905389035 
-0.003501558767940601 0.005432479160506023 
0.00016666666666666981 0.0028333333333333331 
8.6954628918360893e-05 0.0029170149181429249 
-0.0033274920377936745 0.0028334151834750456 
-0.0038301270189221928 0.0037040045084510646 
-0.0014271710805382014 0.0024015440020823254 
-0.0023288878364923372 0.0030021204704730247 
-0.0017499999999999998 0.0028333333333333331 
-0.00041754894378511891 0.0030015288755841467 
-0.00062296578677927786 0.0028333333333333335 
-0.0010547310022933449 0.0028333333333333331 
-0.00079126884771355975 0.0030249522546546949 
0 0.0030156250628850505 
-0.00026256930883751599 0.0031012090893645116 
-0.00011290400878396915 0.0031104889665830608 
0.00025000000000000288 0.0021209707542397269 
0.0002500000000000031 0.0027306940980058713 
0.00038399095736782408 0.0022694828577311706 
0.00037330084140939259 0.0025653326808084517 
0.00049884646001677061 0.0024086594122469866 
0.00025000000000000277 0.0018018331638234436 
0.00035049654065097478 0.0015934006371664299 
0.00035160910742125702 0.0014057377152894995 
0.00039440663396113644 0.0019327580703798789 
0.0003820861311587552 0.0011328842904066579 
0.00050165603507689176 0.0013691780770301819 
0.00063465307320430882 0.00075369798727980685 
0.0011431993391463771 0.00041761266754283718 
0.0017938792379407495 0.00016491814471446395 
0.0014677058189208705 -0.00035807867871706829 
0.001874923673823235 -0.00082688771666036809 
0.002358377494507854 -0.0014191424622577696 
0.0029117054418195268 -0.0022306567030737669 
0.0035879511268819757 -0.0031868271519870073 
0.0043301270189221933 -0.0043577969810344643 
-0.0034531963740230629 0.0074999999999999989 
-0.0031292172482781195 0.0071742340124096617 
-0.0027494940933875433 0.0068259906183336886 
-0.0030780486147630889 0.0066077037410629813 
-0.0034233031294043756 0.0057741234966284466 
-0.0031442959146147174 0.0062172199884471925 
-0.0024817069699248173 0.0065244028143802224 
-0.0038301270189221919 0.0042844122456292891 
-0.0031236505235266126 0.0050897257211717862 
0.00017013429843039369 0.0029093634406574314 
0.00025000000000000017 0.0028333333333333331 
9.3735564248109807e-05 0.0030084334323329429 
0.00018389457080915093 0.0030663461184177918 
-0.0028205147951003997 0.0035722478690152562 
-0.0013569389576507901 0.0028333333333333331 
-0.00175 0.0033196671234515304 
-0.00034027447495018362 0.0031101086977913897 
-0.00060283208271651081 0.0031216330819907245 
-0.00096107565433190521 0.0031408034726209248 
0 0.0031397183446420069 
-0.00017919549203522132 0.0032436336228852591 
0.00039197304776710271 0.0021073291780543892 
0.00036697779766328828 0.002702614143558994 
0.00051589866825995994 0.002269589356769245 
0.00049840315332008907 0.0025402312924264316 
0.00059300333093835575 0.0024031794650629891 
0.00039371745589884501 0.0017493553934587438 
0.00043100708960632075 0.0015048160372924579 
0.00055274966332919361 0.0019202241753144525 
0.00055592125584822424 0.0012332480464407351 
0.00059275883573167937 0.0014672870530529427 
0.00098124057512728909 0.00091039768862464327 
0.0015053861534412921 0.00062672132227293903 
0.0023330259465002786 0.00038088308785440555 
0.0019410942781102718 -0.00030940762761475323 
0.0022184583156813092 -0.00091248785607191954 
0.0028855253020318244 -0.0014039280975643976 
0.003613450935797298 -0.0023148207534835919 
0.0043301270189221933 -0.0034288627313957534 
-0.0032164474346050298 0.0074999999999999989 
-0.002847130681630864 0.0071628279098260835 
-0.0024849795104500173 0.006802689864909498 
-0.0027852752386291271 0.0063948412421466032 
-0.0029559458829255892 0.005748833119051314 
-0.0022060000165112573 0.0063432376812095938 
-0.0028824412501331194 0.0042938242638538675 
-0.0024681158343901164 0.0052475230486933103 
0.00018086077567307614 0.0029906748308554335 
0.00023772664260187103 0.0028845432659516685 
0.00034963357791006504 0.0028333333333333331 
0.00011290400878397073 0.0031104889665830608 
0.00026256930883751761 0.0031012090893645116 
-0.0017499999999999996 0.003896720751042596 
-0.0012866634143558766 0.0032766766560211407 
-0.00040186719635088204 0.0032426974262421866 
-0.00072906424010138178 0.0034073389975862976 
0 0.003293675925036169 
-0.00016210070682821126 0.003402351976707396 
0.00053708169313389351 0.002110109803516857 
0.00049456946080080196 0.0026832128798600177 
0.00065009772671234501 0.0023051792990224688 
0.00064019498090211796 0.0024958176627122653 
0.00054772133127229869 0.0016686391525752504 
0.00073855470807387925 0.0019235242096539372 
0.00078470114599039019 0.0013653341775994878 
0.0013315882469352982 0.0011054058898372784 
0.0019820508075688772 0.00090192378864668366 
0.0029439169185573599 0.00079892375820397464 
0.0027085827228941722 -0.00042863154539790594 
0.0036029614041724408 -0.0014130832231497698 
0.0043301270189221941 -0.002426888134001512 
-0.0029402729216850484 0.0074999999999999989 
-0.0025235863152650367 0.0071493917112845865 
-0.0021215617197042013 0.0067649113756355636 
-0.0024050335886871711 0.0058333169469576476 
-0.0017499999999999996 0.0063333333333333332 
-0.0017499999999999998 0.0046371713796401898 
0.00029543523926694424 0.0029530373728688742 
0.00047074716430584772 0.0028333333333333331 
0.00034027447495018525 0.0031101086977913897 
0.00017919549203522294 0.0032436336228852591 
-0.0010319573953684368 0.0038581408589111682 
-0.00038804588452664404 0.0035635229018763873 
0 0.003484685579261211 
0.0006873172040823631 0.0021391131137613317 
0.0006695991927857135 0.0026562403909133662 
0.00079239247592456272 0.0023766874294093572 
0.00077311390516207569 0.0017270888166687939 
0.00085881864622232285 0.002015215522170319 
0.00081427877473568239 0.0028333333333333331 
0.0010857924140926212 0.0015391693022889564 
0.0017320508075688772 0.0013349364905389034 
0.0024150635094610986 0.0011519237886466829 
0.0030190431874455837 0.0012066117498637612 
0.0034308796837353769 0.0010170593343318205 
0.0031968675907682056 0.0003251427631609859 
0.0036201472235048086 -0.00054900674080597298 
0.0043301270189221941 -0.0014249079721073568 
-0.0026181073323730988 0.007499999999999998 
-0.0021451889773607771 0.0071354584989991882 
-0.0016712074937090947 0.006736840810918885 
-0.0017499999999999998 0.0055291553284785864 
-0.0010971753472284569 0.0063333333333333332 
-0.00097850760065331982 0.0048071201559817985 
-0.00026462444340117166 0.0048275571281985678 
0.00062296578677927938 0.0028333333333333335 
0.00041754894378512048 0.0030015288755841467 
0.00040186719635088367 0.0032426974262421866 
0.00016210070682821291 0.003402351976707396 
-0.00043783730646278153 0.0040008862867794582 
0 0.0037216643006461017 
0.00085034710273748323 0.0021789605730697464 
0.00082705004120921916 0.0026178687366150383 
0.0009897934774886416 0.0023894156835923734 
0.0010537113233632658 0.0019008144324560697 
0.00079126884771356127 0.0030249522546546949 
0.0010547310022933464 0.0028333333333333331 
0.0014820508075688774 0.0017679491924311225 
0.0021650635094611001 0.0015849364905389028 
0.0028480762113533165 0.0014019237886466836 
0.0033033630261604789 0.0013158894224477905 
0.0036614443639705011 0.001245686717442995 
0.0037157785874739157 0.00076925565354022719 
0.0036601338677158795 7.2138201767632583e-05 
0.0043301270189221941 -0.00044049072442350228 
-0.0022422918168885585 0.0074999999999999997 
-0.0017000812382618308 0.0071223899318318363 
-0.0011343553556200042 0.0067268008302503925 
-0.001082809726219114 0.0055935665824865307 
-0.00052515859213830797 0.0063333333333333332 
-0.00040192242215865214 0.0044854602723608814 
-0.00047925609649380259 0.005140917857433553 
0 0.0048284114473490054 
0.00060283208271651233 0.0031216330819907245 
0.00038804588452664572 0.0035635229018763873 
0 0.0040156755870031065 
0.0010978445745370164 0.0022323424155893186 
0.0010783659642797337 0.002589886021800469 
0.0013214738079902789 0.0019885464183064514 
0.00096107565433190673 0.0031408034726209248 
0.0013569389576507916 0.0028333333333333331 
0.0019150635094610988 0.002017949192431122 
0.0025980762113533176 0.0018349364905389041 
0.0032041428474436232 0.0016074989568428649 
0.0035829954055355689 0.0014948734888401429 
0.0039121120461596158 0.0011803618722921057 
0.0043301270189221941 0.00044826566933508128 
-0.0018038921045525733 0.0074999999999999989 
-0.001184533015715455 0.0071153342187511431 
-0.00056829380095664388 0.0067235950350882428 
-0.00050702015543652049 0.0057204554407470519 
0 0.0063333333333333332 
0 0.0043804445566761729 
0 0.0053297048877505148 
0.0002646244434011735 0.0048275571281985678 
0.00072906424010138341 0.0034073389975862976 
0.00043783730646278327 0.0040008862867794582 
0.0014271710805382029 0.0024015440020823254 
0.0012866634143558781 0.0032766766560211407 
0.0017500000000000003 0.0028333333333333331 
0.0023480762113533165 0.0022679491924311231 
0.0030142057938048936 0.0020751890169850838 
0.0035794760552780506 0.0018241976854218764 
0.0039597528774636221 0.001631611584560581 
0.0043301270189221941 0.0011884844540364918 
-0.0012924861091708304 0.0074999999999999989 
-0.00061081688669097241 0.0071124464912329551 
0 0.0067222222222222232 
0 0.005831519110541924 
0.00052515859213831003 0.0063333333333333332 
0.00040192242215865393 0.0044854602723608814 
0.00047925609649380449 0.005140917857433553 
0.0010319573953684385 0.0038581408589111682 
0.0019560223101468583 0.0026206726769056245 
0.0017500000000000016 0.0033196671234515299 
0.0028248441928442895 0.0025432113148859299 
0.0034528127413433487 0.0023284188562148517 
0.0039548015371001239 0.0020408919533855762 
0.0043301270189221941 0.0017816046358568949 
-0.00069591616454469784 0.0074999999999999989 
0 0.0071111111111111115 
0.00056829380095664594 0.0067235950350882428 
0.00050702015543652244 0.0057204554407470519 
0.0010971753472284588 0.0063333333333333332 
0.00097850760065332156 0.0048071201559817985 
0.0017500000000000013 0.0038967207510425955 
0.0023288878364923389 0.0030021204704730243 
0.0033274920377936775 0.0028334151834750443 
0.0038914698801327729 0.0025816776733768769 
0.0043301270189221941 0.0022575862213492768 
0 0.0074999999999999997 
0.00061081688669097458 0.0071124464912329551 
0.0011343553556200064 0.0067268008302503925 
0.001082809726219116 0.0055935665824865307 
0.0017500000000000005 0.0063333333333333332 
0.0017500000000000016 0.0046371713796401898 
0.0028205147951004014 0.0035722478690152558 
0.003830127018922195 0.0031236116251337153 
0.0043301270189221915 0.0028349364905389056 
0.00069591616454470001 0.0074999999999999989 
0.0011845330157154571 0.0071153342187511431 
0.0016712074937090969 0.006736840810918885 
0.0017500000000000018 0.0055291553284785864 
0.0022060000165112594 0.0063432376812095938 
0.0024681158343901185 0.0052475230486933103 
0.0028824412501331212 0.0042938242638538675 
0.0038301270189221963 0.0037040045084510633 
0.0043301270189221967 0.0033414541248629496 
0.0012924861091708326 0.0074999999999999989 
0.001700081238261833 0.0071223899318318363 
0.0021215617197042035 0.0067649113756355636 
0.0024817069699248195 0.0065244028143802224 
0.0024050335886871732 0.0058333169469576476 
0.0031236505235266148 0.0050897257211717853 
0.0038301270189221959 0.0042844122456292873 
0.0043301270189221976 0.0038479717591869971 
0.0018038921045525754 0.0074999999999999989 
0.0021451889773607792 0.0071354584989991882 
0.0024849795104500195 0.006802689864909498 
0.0027852752386291293 0.0063948412421466032 
0.0029559458829255913 0.0057488331190513131 
0.0035015587679406031 0.0054324791605060221 
0.0038301270189221924 0.0048349364905389035 
0.0043301270189221967 0.0043544314376465342 
0.0022422918168885611 0.0074999999999999997 
0.0025235863152650389 0.0071493917112845865 
0.0027494940933875454 0.0068259906183336886 
0.003078048614763091 0.0066077037410629804 
0.0031442959146147195 0.0062172199884471917 
0.0034233031294043778 0.0057741234966284458 
0.0038301270189221911 0.0053349364905389031 
0.0043301270189221933 0.0048349364905389035 
0.0026181073323731014 0.007499999999999998 
0.0028471306816308661 0.0071628279098260835 
0.003074487482904707 0.0068601345670338439 
0.0032503296509740279 0.0065356387936092303 
0.003493561119782137 0.0061704765702951742 
0.0038301270189221924 0.0058349364905389044 
0.0043301270189221924 0.0053349364905389031 
0.002940272921685051 0.007499999999999998 
0.0031292172482781217 0.0071742340124096608 
0.0033238958428945201 0.0068638856737760325 
0.0035368842451162703 0.0065200529216758217 
0.0038301270189221976 0.0061679491924311238 
0.0043301270189221933 0.0058349364905389044 
0.0032164474346050324 0.007499999999999998 
0.0033794042537958931 0.0071777822803608966 
0.0035747310957688467 0.0068489546324642658 
0.0038301270189221976 0.0065009618943233424 
0.0043301270189221985 0.0061679491924311195 
0.0034531963740230655 0.007499999999999998 
0.003609908558027522 0.0071736894092397242 
0.003830127018922198 0.0068339745962155609 
0.0043301270189221985 0.0065009618943233389 
0.0036561479777860225 0.007499999999999998 
0.0038301270189221976 0.0071669872981077786 
0.0043301270189221985 0.0068339745962155583 
0.0038301270189221902 0.0074999999999999997 
0.0043301270189221976 0.0071669872981077777 
0.0043301270189221941 0.0074999999999999997 

3 # number of element types

# Type #0

3 vtx # type name


1 # number of nodes per element
81 # number of elements
# Elements
0 
1 
3 
5 
6 
26 
30 
39 
44 
60 
85 
93 
108 
109 
114 
118 
119 
158 
176 
182 
183 
190 
199 
239 
246 
250 
283 
292 
293 
296 
301 
305 
309 
316 
318 
334 
354 
358 
362 
368 
374 
376 
381 
403 
419 
424 
431 
433 
438 
474 
476 
480 
481 
484 
509 
525 
529 
537 
575 
631 
640 
656 
682 
684 
707 
716 
724 
725 
754 
755 
759 
762 
763 
787 
795 
796 
802 
803 
809 
822 
824 

81 # number of geometric entity indices
# Geometric entity indices
0 
9 
1 
2 
10 
16 
18 
20 
22 
26 
28 
37 
31 
32 
36 
30 
38 
66 
34 
39 
40 
47 
65 
51 
59 
72 
33 
48 
49 
53 
61 
73 
3 
23 
17 
41 
57 
63 
74 
4 
27 
19 
35 
50 
8 
6 
29 
21 
42 
15 
7 
5 
13 
11 
45 
14 
12 
24 
46 
58 
25 
54 
52 
64 
62 
43 
55 
60 
75 
44 
56 
67 
76 
68 
69 
77 
70 
78 
79 
71 
80 

# Type #1

3 edg # type name


2 # number of nodes per element
402 # number of elements
# Elements
1 0 
0 3 
5 4 
3 5 
6 1 
7 1 
3 8 
4 11 
5 12 
13 6 
14 7 
9 14 
8 16 
17 9 
11 19 
12 20 
21 13 
16 23 
24 17 
19 26 
20 27 
29 21 
26 30 
23 30 
31 24 
26 33 
27 35 
30 39 
39 29 
30 40 
41 31 
33 44 
35 53 
59 39 
60 44 
40 60 
60 45 
46 61 
63 41 
44 67 
45 68 
69 46 
53 78 
85 60 
85 59 
61 85 
88 63 
70 89 
67 91 
68 92 
93 69 
93 70 
78 103 
108 83 
96 108 
83 109 
89 113 
114 88 
91 118 
92 119 
119 93 
120 93 
121 96 
123 98 
98 124 
103 130 
107 136 
137 107 
109 137 
108 139 
140 109 
122 142 
143 114 
113 143 
124 145 
145 114 
147 120 
148 121 
118 148 
119 149 
150 119 
151 122 
153 123 
130 164 
131 167 
168 131 
135 168 
176 135 
136 178 
182 141 
139 182 
142 182 
183 140 
141 183 
187 147 
188 150 
189 151 
149 189 
156 192 
192 153 
157 197 
197 156 
158 198 
199 158 
199 157 
164 201 
165 210 
211 165 
170 211 
215 170 
167 215 
176 220 
226 176 
178 227 
181 232 
233 181 
183 233 
182 235 
236 183 
238 191 
239 187 
195 239 
240 188 
190 241 
191 242 
242 190 
246 195 
198 248 
250 199 
201 252 
225 260 
210 265 
220 276 
279 226 
281 225 
227 283 
232 288 
235 292 
237 292 
292 238 
293 236 
293 237 
296 240 
296 239 
247 296 
241 297 
300 246 
248 300 
301 247 
246 301 
249 303 
305 249 
305 250 
252 309 
314 279 
260 316 
265 322 
270 326 
327 270 
330 274 
274 331 
331 277 
277 334 
276 334 
287 334 
337 281 
283 337 
288 340 
342 287 
347 291 
291 348 
348 293 
297 354 
354 296 
354 302 
357 301 
303 357 
302 358 
301 358 
360 304 
304 362 
362 305 
306 363 
364 306 
367 309 
309 368 
316 369 
369 318 
373 314 
316 374 
318 375 
376 318 
381 323 
322 381 
323 382 
326 384 
384 333 
385 327 
333 389 
389 330 
334 394 
340 397 
399 342 
403 345 
345 405 
405 347 
358 415 
415 360 
418 362 
363 419 
420 365 
421 364 
365 422 
425 367 
375 425 
368 426 
368 427 
376 428 
428 374 
374 431 
431 373 
432 376 
433 376 
382 438 
438 385 
381 439 
394 453 
455 399 
397 455 
460 403 
473 418 
419 474 
474 420 
476 421 
424 476 
422 478 
480 424 
481 424 
438 482 
426 483 
483 432 
427 485 
433 486 
486 431 
489 433 
439 491 
495 438 
447 501 
502 447 
505 451 
451 506 
506 454 
453 509 
454 509 
513 460 
521 473 
474 522 
476 525 
478 525 
525 481 
528 480 
485 528 
529 480 
481 529 
482 531 
484 533 
533 489 
534 484 
491 539 
539 494 
494 540 
542 495 
501 545 
545 508 
546 502 
508 550 
550 505 
509 554 
557 513 
564 521 
522 565 
529 572 
572 534 
531 575 
575 546 
540 579 
579 537 
537 580 
584 542 
554 594 
597 557 
603 564 
565 604 
614 575 
580 617 
621 584 
594 629 
631 597 
635 603 
604 636 
617 641 
643 614 
648 621 
629 655 
656 631 
657 631 
662 635 
636 663 
641 666 
666 640 
640 667 
654 670 
670 643 
675 648 
681 654 
682 656 
655 682 
656 683 
684 657 
689 662 
663 690 
667 694 
700 675 
705 681 
682 706 
684 707 
683 707 
708 684 
711 689 
690 712 
694 716 
697 717 
717 700 
718 697 
724 705 
707 725 
706 725 
707 726 
727 708 
729 711 
712 730 
732 716 
716 733 
733 718 
716 734 
739 724 
725 740 
726 741 
742 727 
743 729 
730 744 
745 732 
734 748 
750 739 
740 752 
741 753 
754 742 
754 743 
744 755 
755 745 
748 759 
760 750 
752 762 
763 754 
753 763 
755 764 
759 767 
767 760 
762 771 
772 763 
764 773 
771 779 
780 772 
773 781 
779 787 
788 780 
781 789 
787 795 
796 787 
796 788 
789 797 
795 802 
803 795 
803 796 
797 804 
802 808 
802 809 
809 803 
804 810 
808 813 
814 809 
810 815 
813 817 
818 814 
815 819 
817 820 
821 818 
820 822 
819 822 
823 821 
822 824 
824 823 

402 # number of geometric entity indices
# Geometric entity indices
1 
0 
5 
2 
17 
18 
3 
5 
4 
19 
18 
18 
3 
18 
5 
4 
19 
3 
18 
5 
4 
19 
26 
3 
18 
27 
4 
30 
19 
31 
18 
27 
4 
34 
36 
31 
44 
46 
18 
37 
44 
46 
4 
43 
34 
46 
18 
56 
37 
44 
46 
56 
4 
49 
48 
49 
56 
18 
37 
44 
58 
59 
48 
57 
57 
4 
51 
51 
51 
50 
52 
60 
56 
56 
57 
57 
59 
48 
48 
60 
61 
60 
57 
4 
53 
53 
53 
53 
51 
62 
50 
60 
52 
62 
59 
61 
60 
60 
57 
57 
57 
57 
93 
102 
57 
4 
53 
53 
53 
53 
53 
54 
47 
51 
64 
64 
64 
63 
65 
76 
59 
82 
61 
77 
76 
76 
82 
93 
103 
4 
39 
53 
54 
47 
39 
51 
64 
63 
78 
76 
65 
78 
61 
81 
86 
77 
93 
93 
86 
92 
97 
97 
112 
4 
47 
39 
53 
66 
66 
66 
66 
66 
66 
54 
64 
39 
39 
64 
64 
79 
79 
79 
77 
85 
90 
97 
97 
90 
96 
100 
100 
113 
14 
14 
7 
6 
29 
29 
47 
38 
7 
28 
55 
53 
55 
66 
66 
66 
66 
66 
67 
64 
64 
79 
79 
79 
100 
100 
114 
14 
24 
14 
24 
7 
7 
9 
8 
33 
33 
45 
47 
9 
32 
55 
66 
41 
67 
64 
64 
80 
114 
16 
24 
14 
12 
24 
10 
13 
69 
9 
9 
8 
35 
35 
21 
41 
68 
73 
73 
73 
73 
73 
67 
73 
80 
114 
25 
15 
24 
23 
8 
8 
11 
22 
69 
21 
21 
20 
41 
41 
41 
68 
73 
73 
73 
73 
73 
74 
80 
114 
25 
20 
20 
69 
73 
41 
41 
40 
68 
74 
80 
114 
25 
75 
40 
68 
74 
80 
114 
25 
40 
75 
68 
74 
87 
91 
114 
25 
40 
40 
42 
75 
75 
68 
75 
83 
74 
88 
91 
114 
25 
42 
68 
75 
84 
98 
88 
101 
114 
25 
42 
68 
68 
68 
75 
94 
84 
99 
101 
114 
25 
70 
68 
68 
71 
89 
95 
99 
101 
114 
25 
70 
71 
89 
95 
99 
101 
114 
25 
70 
71 
89 
95 
115 
99 
72 
89 
89 
104 
116 
72 
104 
116 
72 
104 
116 
72 
105 
106 
116 
72 
107 
108 
117 
72 
109 
110 
118 
72 
109 
119 
72 
109 
119 
72 
109 
119 
109 
72 
119 
111 
119 

# Type #2

4 quad # type name


4 # number of nodes per element
776 # number of elements
# Elements
6 2 1 0 
8 4 3 5 
2 8 0 3 
10 12 4 5 
2 6 8 13 
6 1 13 7 
16 11 8 4 
10 4 18 11 
10 18 12 20 
13 21 8 16 
7 14 13 21 
15 21 9 14 
15 9 22 17 
11 16 19 23 
18 11 25 19 
20 18 27 25 
24 28 17 22 
21 29 16 23 
15 22 21 29 
19 23 26 30 
19 26 25 32 
34 27 32 25 
22 28 29 37 
28 24 38 31 
23 29 30 39 
30 40 26 33 
43 32 33 26 
34 32 50 42 
34 50 27 35 
37 57 29 39 
37 28 57 38 
58 38 41 31 
39 59 30 40 
40 60 33 44 
43 33 66 44 
43 66 32 42 
45 67 60 44 
46 68 61 45 
62 47 46 69 
48 71 51 49 
73 50 65 42 
53 35 74 50 
52 75 36 54 
75 51 54 49 
48 51 65 76 
52 36 77 55 
36 54 56 81 
54 49 81 72 
55 36 82 56 
39 57 59 84 
58 41 84 63 
58 84 38 57 
59 85 40 60 
61 45 85 60 
62 46 86 61 
62 86 47 64 
47 64 70 89 
48 65 71 90 
67 90 44 66 
66 90 42 65 
68 91 45 67 
69 92 46 68 
69 47 93 70 
95 72 71 49 
73 65 99 76 
73 99 50 74 
74 100 53 78 
52 77 75 101 
51 75 76 101 
55 80 77 102 
79 102 104 80 
82 106 55 80 
81 108 56 83 
108 81 96 72 
82 56 109 83 
85 59 112 84 
63 88 84 112 
61 85 86 112 
87 64 112 86 
87 113 64 89 
94 70 115 89 
91 117 67 90 
71 90 95 117 
92 118 68 91 
93 119 69 92 
120 93 94 70 
97 111 121 96 
121 96 95 72 
126 99 101 76 
99 126 74 100 
100 127 78 103 
77 102 101 128 
79 105 102 129 
104 80 132 106 
79 104 105 133 
132 106 107 137 
109 137 82 106 
108 139 83 110 
111 139 96 108 
83 110 109 140 
97 122 111 142 
143 112 114 88 
87 112 113 143 
144 115 113 89 
116 94 146 115 
116 147 94 120 
118 148 91 117 
148 121 117 95 
119 149 92 118 
93 120 119 150 
97 121 122 151 
125 98 154 123 
125 155 98 124 
128 160 101 126 
126 160 100 127 
161 130 127 103 
162 128 129 102 
105 134 129 163 
172 132 136 107 
132 172 104 133 
133 173 105 134 
179 136 138 107 
138 107 180 137 
137 109 180 140 
139 182 110 141 
142 182 111 139 
110 141 140 183 
152 185 122 142 
124 155 145 186 
143 114 186 145 
144 186 115 146 
144 113 186 143 
116 146 147 187 
120 147 150 188 
151 121 189 148 
149 189 118 148 
119 150 149 190 
152 122 191 151 
193 154 153 123 
125 154 155 194 
158 198 199 157 
202 164 161 130 
168 203 135 175 
159 203 131 168 
159 131 204 167 
162 129 206 163 
162 206 128 160 
160 206 127 161 
134 174 163 207 
166 210 212 165 
131 169 167 216 
169 131 217 168 
135 171 168 217 
176 220 135 171 
223 172 178 136 
172 223 133 173 
173 224 134 174 
135 175 176 226 
220 176 177 228 
136 179 178 231 
138 181 179 232 
181 138 233 180 
233 180 183 140 
182 235 141 184 
142 185 182 235 
141 184 183 236 
152 191 185 238 
239 186 195 155 
187 146 239 186 
147 187 188 240 
150 188 190 241 
151 189 191 242 
149 190 189 242 
196 244 156 192 
153 192 193 244 
245 194 193 154 
246 195 194 155 
157 198 197 248 
196 156 248 197 
200 249 158 198 
158 199 200 250 
251 201 208 164 
202 161 253 206 
202 253 164 208 
209 254 165 211 
170 211 205 254 
203 255 175 222 
159 204 203 255 
215 170 256 205 
167 215 204 256 
163 207 206 259 
174 225 207 260 
264 209 210 165 
213 265 166 210 
211 266 165 212 
170 219 211 266 
212 268 166 214 
166 214 213 269 
215 271 170 219 
167 216 215 271 
272 216 218 169 
217 273 169 218 
171 221 217 273 
221 171 276 220 
276 220 230 177 
175 222 226 279 
227 280 178 223 
223 280 173 224 
224 281 174 225 
176 226 228 282 
178 231 227 284 
229 177 285 228 
229 286 177 230 
179 232 231 288 
234 289 181 232 
181 233 234 290 
233 183 290 236 
235 292 184 237 
185 238 235 292 
184 237 236 293 
191 243 238 295 
187 239 240 296 
195 247 239 296 
188 240 241 297 
190 241 242 298 
242 298 191 243 
196 248 244 300 
244 300 193 245 
245 300 194 246 
246 301 195 247 
198 249 248 303 
200 250 249 305 
307 251 261 208 
308 252 251 201 
253 206 310 259 
261 208 310 253 
263 311 209 254 
205 254 257 311 
258 222 312 255 
256 205 312 257 
204 256 255 312 
222 258 279 314 
278 315 225 260 
207 260 259 316 
262 317 310 261 
319 263 264 209 
321 264 265 210 
265 213 322 267 
266 324 212 268 
219 275 266 324 
213 269 267 325 
268 326 214 270 
269 214 327 270 
271 329 219 275 
216 272 271 329 
218 274 272 330 
273 331 218 274 
331 273 277 221 
277 221 334 276 
334 276 287 230 
279 314 336 278 
282 226 336 279 
225 281 278 336 
283 337 227 280 
337 281 280 224 
285 228 338 282 
283 227 339 284 
284 231 340 288 
229 285 286 341 
286 342 230 287 
289 346 232 288 
289 234 347 291 
234 290 291 348 
348 290 293 236 
350 294 292 237 
292 238 350 295 
351 293 294 237 
243 299 295 353 
240 296 297 354 
247 302 296 354 
241 297 298 355 
299 243 355 298 
357 301 300 246 
248 303 300 357 
301 358 247 302 
303 249 360 304 
249 305 304 362 
307 261 366 317 
307 366 251 308 
367 309 308 252 
262 310 318 369 
369 310 316 259 
263 320 311 370 
311 370 257 313 
258 312 314 371 
313 371 257 312 
314 373 278 315 
315 374 260 316 
262 318 317 375 
377 319 321 264 
378 320 319 263 
380 321 322 265 
322 267 381 323 
267 325 323 382 
324 384 268 326 
275 333 324 384 
327 385 269 325 
386 328 326 270 
387 327 328 270 
329 389 275 333 
272 330 329 389 
332 390 274 330 
391 332 331 274 
331 277 391 335 
277 334 335 394 
334 287 394 343 
338 396 285 341 
338 282 396 336 
337 396 281 336 
283 339 337 396 
340 397 284 339 
398 340 346 288 
342 286 399 341 
400 343 342 287 
344 401 400 343 
405 345 346 398 
347 405 289 346 
406 347 349 291 
349 291 407 348 
293 351 348 407 
352 294 409 350 
409 350 353 295 
410 351 352 294 
356 412 299 353 
297 354 355 413 
359 413 302 354 
356 299 414 355 
415 358 357 301 
360 415 303 357 
359 302 416 358 
361 417 304 360 
361 304 418 362 
306 365 363 420 
364 422 306 365 
366 317 425 375 
425 367 366 308 
309 367 368 426 
369 428 318 376 
316 374 369 428 
372 313 429 370 
320 379 370 429 
371 430 314 373 
313 372 371 430 
373 431 315 374 
375 318 432 376 
321 380 377 434 
378 319 435 377 
378 435 320 379 
385 438 325 382 
322 381 380 439 
440 381 383 323 
383 323 441 382 
443 386 384 326 
393 443 333 384 
327 387 385 444 
445 388 386 328 
388 446 328 387 
448 393 389 333 
390 448 330 389 
390 332 449 392 
450 392 391 332 
395 450 335 391 
335 394 395 453 
394 343 453 401 
341 396 399 455 
455 396 397 339 
340 398 397 456 
403 456 345 398 
342 399 400 457 
344 400 402 457 
344 402 401 458 
403 345 460 404 
345 405 404 462 
462 405 406 347 
349 408 406 463 
408 349 464 407 
351 410 407 464 
411 352 466 409 
466 409 412 353 
411 467 352 410 
356 414 412 468 
413 469 355 414 
359 416 413 469 
415 471 358 416 
417 471 360 415 
361 418 417 473 
363 420 419 474 
475 420 423 365 
421 478 364 422 
365 422 423 479 
385 444 438 482 
367 425 426 483 
425 375 483 432 
368 426 427 484 
428 486 376 433 
374 431 428 486 
436 487 379 429 
372 429 430 487 
488 431 430 373 
432 376 489 433 
380 439 434 491 
377 434 435 492 
435 492 379 437 
436 379 493 437 
382 438 441 495 
440 496 381 439 
440 383 496 442 
442 383 497 441 
499 445 443 386 
452 499 393 443 
446 500 387 444 
388 445 447 501 
446 388 502 447 
504 452 448 393 
449 504 390 448 
451 505 392 449 
392 450 451 506 
454 506 395 450 
509 454 453 395 
453 401 509 458 
457 399 511 455 
459 402 511 457 
455 397 511 456 
403 460 456 511 
402 459 458 512 
460 404 513 461 
462 515 404 461 
406 463 462 515 
465 516 408 463 
465 408 517 464 
410 467 464 517 
411 466 467 518 
412 468 466 518 
470 519 414 468 
470 414 520 469 
472 520 416 469 
472 416 521 471 
473 521 417 471 
522 474 475 420 
523 475 477 423 
476 525 421 478 
424 481 476 525 
477 423 526 479 
422 478 479 527 
480 529 424 481 
500 531 444 482 
482 532 438 495 
426 483 484 533 
483 432 533 489 
427 484 485 534 
488 535 431 486 
436 493 487 535 
487 535 430 488 
490 433 535 486 
433 490 489 536 
439 496 491 538 
434 491 492 539 
492 539 437 494 
437 494 493 540 
441 495 497 542 
498 543 442 496 
498 442 544 497 
545 501 499 445 
508 545 452 499 
502 546 446 500 
503 447 547 501 
548 502 503 447 
550 508 504 452 
505 550 449 504 
507 551 451 505 
506 454 552 510 
507 451 552 506 
509 458 554 512 
454 509 510 554 
459 511 512 556 
460 513 511 556 
461 514 513 557 
515 559 461 514 
463 516 515 559 
465 517 516 560 
467 518 517 561 
562 518 519 468 
470 520 519 563 
472 521 520 564 
565 522 523 475 
477 524 523 566 
568 524 526 477 
530 569 481 525 
527 478 569 525 
526 479 570 527 
528 572 480 529 
485 534 528 572 
530 481 573 529 
574 532 531 482 
546 575 500 531 
532 576 495 542 
484 533 534 578 
489 536 533 578 
493 540 535 579 
537 490 579 535 
537 580 490 536 
581 538 543 496 
541 494 582 539 
491 538 539 582 
541 583 494 540 
497 542 544 584 
498 544 543 585 
547 501 586 545 
508 553 545 586 
587 546 548 502 
549 503 588 547 
589 548 549 503 
550 591 508 553 
505 551 550 591 
552 510 592 555 
507 552 551 592 
512 556 554 594 
510 554 555 594 
557 596 513 556 
514 558 557 597 
559 599 514 558 
516 560 559 599 
600 560 561 517 
561 518 601 562 
519 563 562 602 
603 563 564 520 
604 565 566 523 
605 566 567 524 
571 606 607 567 
568 526 607 570 
568 607 524 567 
530 573 569 608 
570 527 608 569 
534 578 572 610 
529 572 573 610 
612 576 574 532 
613 574 575 531 
546 587 575 614 
576 615 542 584 
577 615 612 576 
580 617 536 578 
540 583 579 618 
579 618 537 580 
581 543 619 585 
581 619 538 582 
541 582 583 620 
584 621 544 585 
588 547 623 586 
553 593 586 623 
548 589 587 624 
590 549 625 588 
590 626 549 589 
595 627 555 592 
591 627 553 593 
551 592 591 627 
594 556 629 596 
555 594 595 629 
596 557 630 597 
558 598 597 631 
599 633 558 598 
600 633 560 599 
600 561 633 601 
562 602 601 634 
563 603 602 635 
566 605 604 636 
567 606 605 637 
571 609 606 638 
608 573 639 611 
571 607 609 639 
608 639 570 607 
617 641 578 610 
611 573 641 610 
613 575 642 614 
613 642 574 612 
577 612 616 642 
587 624 614 643 
584 615 621 645 
577 616 615 645 
583 620 618 646 
618 646 580 617 
622 647 585 619 
619 647 582 620 
622 585 648 621 
588 623 625 649 
623 593 649 628 
589 626 624 650 
590 625 626 651 
595 629 627 652 
628 593 652 627 
629 596 655 630 
630 597 656 631 
657 631 632 598 
660 632 633 598 
601 634 633 661 
602 635 634 662 
605 637 636 663 
606 638 637 664 
640 665 609 638 
609 639 640 666 
611 641 639 666 
641 617 668 646 
624 650 643 670 
614 643 642 671 
644 616 671 642 
644 672 616 645 
673 648 645 621 
647 674 620 646 
622 648 647 675 
653 676 628 649 
625 649 651 676 
626 651 650 677 
650 677 670 654 
652 629 679 655 
628 652 653 679 
655 630 682 656 
631 657 656 683 
658 684 632 657 
658 632 685 659 
659 632 687 660 
688 660 661 633 
661 634 689 662 
637 664 663 690 
638 665 664 691 
665 640 692 667 
693 667 666 640 
666 641 693 668 
695 668 674 646 
669 696 695 668 
680 698 654 670 
643 670 671 698 
644 671 672 698 
673 699 648 675 
673 645 699 672 
675 700 647 674 
678 651 701 676 
653 679 676 701 
677 702 654 681 
678 702 651 677 
703 679 682 655 
680 654 704 681 
656 683 682 706 
657 684 683 707 
658 685 684 708 
686 709 659 685 
686 659 710 687 
688 711 660 687 
688 661 711 689 
664 691 690 712 
713 691 692 665 
714 692 694 667 
715 694 693 667 
696 715 668 693 
669 695 697 717 
717 695 700 674 
669 697 696 718 
672 698 699 720 
680 704 698 720 
675 699 700 721 
703 682 722 706 
702 722 681 705 
678 701 702 722 
701 679 722 703 
681 705 704 723 
683 707 706 725 
708 726 684 707 
709 727 685 708 
686 710 709 728 
710 687 729 711 
691 713 712 730 
692 714 713 731 
694 716 714 732 
733 716 715 694 
718 733 696 715 
719 697 735 717 
717 700 735 721 
719 736 697 718 
699 720 721 737 
704 723 720 737 
738 722 725 706 
724 705 738 722 
705 724 723 739 
726 740 707 725 
727 741 708 726 
727 709 742 728 
728 710 743 729 
713 731 730 744 
714 732 731 745 
734 746 716 732 
733 747 716 734 
718 736 733 747 
719 735 736 749 
735 721 749 737 
723 739 737 750 
725 740 738 751 
724 738 739 751 
741 752 726 740 
742 753 727 741 
742 728 754 743 
731 745 744 755 
746 756 732 745 
746 734 757 748 
747 758 734 748 
736 749 747 758 
760 749 750 737 
740 752 751 761 
739 751 750 761 
753 762 741 752 
754 763 742 753 
756 764 745 755 
757 765 746 756 
766 757 759 748 
758 767 748 759 
767 758 760 749 
750 761 760 770 
762 771 752 761 
763 772 753 762 
765 773 756 764 
765 757 774 766 
759 768 766 775 
768 759 777 767 
769 777 760 767 
769 760 778 770 
771 779 761 770 
772 780 762 771 
774 781 765 773 
775 782 766 774 
776 783 768 775 
776 768 784 777 
785 777 778 769 
787 778 779 770 
780 788 771 779 
782 789 774 781 
783 790 775 782 
776 784 783 791 
785 793 777 784 
786 794 778 785 
786 778 795 787 
788 796 779 787 
790 797 782 789 
791 798 783 790 
792 799 784 791 
792 784 800 793 
793 785 801 794 
786 795 794 802 
787 796 795 803 
798 804 790 797 
798 791 805 799 
792 800 799 806 
800 793 807 801 
801 794 808 802 
795 803 802 809 
805 810 798 804 
806 811 799 805 
806 800 812 807 
813 807 808 801 
802 809 808 814 
810 805 815 811 
811 806 816 812 
817 812 813 807 
808 814 813 818 
815 811 819 816 
816 812 820 817 
813 818 817 821 
819 816 822 820 
817 821 820 823 
820 823 822 824 

776 # number of geometric entity indices
# Geometric entity indices
1 
2 
1 
3 
1 
9 
2 
3 
3 
1 
9 
9 
9 
2 
3 
3 
9 
1 
9 
2 
3 
3 
9 
9 
1 
11 
3 
3 
3 
9 
9 
9 
13 
11 
3 
3 
15 
18 
9 
3 
3 
3 
3 
3 
3 
3 
3 
3 
3 
9 
9 
9 
13 
18 
9 
9 
9 
3 
3 
3 
15 
18 
9 
3 
3 
3 
3 
3 
3 
3 
3 
3 
3 
3 
3 
9 
9 
9 
9 
9 
21 
3 
3 
15 
18 
21 
15 
3 
3 
3 
3 
3 
3 
3 
3 
3 
3 
19 
15 
19 
15 
9 
9 
21 
21 
21 
3 
3 
15 
22 
15 
21 
21 
3 
3 
3 
3 
3 
3 
3 
3 
16 
16 
16 
19 
15 
19 
23 
21 
21 
21 
21 
21 
22 
15 
15 
23 
23 
21 
21 
21 
3 
10 
10 
10 
3 
3 
3 
3 
20 
20 
20 
20 
20 
3 
3 
3 
10 
16 
16 
16 
16 
16 
24 
23 
24 
23 
21 
21 
22 
23 
23 
23 
21 
21 
21 
21 
21 
21 
34 
34 
3 
3 
3 
10 
10 
10 
10 
10 
10 
3 
3 
10 
20 
20 
20 
20 
20 
20 
20 
20 
20 
20 
20 
16 
10 
3 
3 
3 
16 
16 
16 
16 
16 
25 
25 
25 
24 
23 
24 
29 
22 
30 
23 
29 
29 
21 
21 
21 
30 
34 
34 
3 
3 
3 
3 
10 
10 
10 
10 
10 
10 
16 
3 
3 
10 
10 
20 
20 
20 
20 
20 
20 
20 
20 
20 
20 
20 
20 
16 
16 
16 
16 
3 
3 
16 
16 
16 
16 
16 
25 
25 
25 
25 
29 
29 
29 
29 
23 
32 
29 
29 
34 
34 
32 
36 
36 
3 
3 
3 
3 
3 
10 
10 
10 
10 
16 
16 
3 
10 
10 
10 
20 
20 
20 
20 
20 
26 
26 
20 
20 
26 
26 
26 
26 
25 
16 
16 
16 
16 
16 
25 
16 
25 
25 
25 
25 
29 
29 
29 
29 
29 
29 
29 
29 
29 
29 
36 
36 
29 
29 
29 
8 
8 
3 
3 
4 
12 
12 
10 
10 
10 
10 
16 
4 
10 
10 
10 
20 
10 
17 
17 
26 
26 
26 
26 
26 
26 
26 
26 
26 
26 
26 
25 
16 
16 
25 
25 
25 
25 
25 
29 
29 
29 
29 
29 
29 
29 
29 
29 
29 
29 
29 
29 
29 
29 
8 
10 
8 
10 
26 
4 
4 
5 
14 
14 
10 
10 
10 
5 
10 
10 
10 
10 
17 
17 
17 
17 
26 
26 
26 
26 
26 
26 
26 
26 
26 
26 
26 
25 
25 
25 
25 
25 
25 
29 
29 
29 
29 
29 
29 
29 
29 
29 
29 
29 
29 
29 
10 
10 
8 
7 
10 
10 
6 
26 
27 
5 
5 
5 
10 
10 
10 
10 
10 
17 
10 
10 
10 
17 
17 
17 
26 
26 
26 
28 
28 
26 
26 
28 
28 
28 
25 
28 
25 
25 
29 
29 
29 
29 
29 
29 
29 
29 
10 
10 
10 
10 
10 
10 
5 
5 
10 
27 
26 
27 
10 
10 
10 
10 
10 
17 
17 
17 
17 
17 
17 
28 
28 
28 
28 
28 
28 
28 
28 
28 
25 
28 
25 
29 
29 
29 
29 
29 
29 
29 
10 
10 
10 
10 
10 
10 
10 
10 
10 
27 
27 
28 
27 
27 
10 
17 
17 
17 
17 
17 
17 
28 
28 
28 
28 
28 
28 
28 
28 
25 
28 
25 
29 
29 
29 
29 
29 
29 
10 
10 
10 
10 
10 
10 
10 
10 
27 
27 
27 
28 
27 
27 
17 
17 
17 
17 
17 
28 
28 
28 
28 
28 
28 
25 
25 
29 
29 
29 
29 
10 
10 
10 
10 
10 
17 
28 
27 
27 
27 
27 
17 
17 
28 
28 
28 
28 
28 
28 
25 
33 
29 
29 
29 
29 
29 
10 
10 
10 
17 
17 
17 
17 
27 
27 
27 
27 
27 
17 
28 
28 
28 
28 
28 
27 
31 
33 
29 
29 
29 
29 
29 
10 
10 
10 
17 
17 
17 
17 
17 
27 
27 
27 
28 
28 
28 
28 
27 
31 
37 
29 
29 
29 
10 
10 
10 
17 
17 
27 
27 
27 
27 
27 
28 
28 
27 
35 
37 
29 
29 
10 
10 
28 
27 
27 
27 
27 
27 
28 
28 
35 
37 
29 
10 
28 
28 
27 
27 
27 
28 
28 
35 
37 
28 
28 
28 
27 
27 
28 
28 
35 
28 
28 
28 
28 
28 
28 
28 
35 
28 
28 
28 
28 
28 
28 
35 
28 
28 
28 
28 
28 
28 
35 
28 
28 
28 
28 
28 
28 
38 
28 
28 
28 
28 
28 
39 
28 
28 
28 
28 
40 
28 
28 
28 
40 
28 
28 
40 
28 
40 
40 
